0 0 10 1 3 8 2 5 0 6 4 7
10 1 9 1 3 8 2 5 7 6 4 0
10 1 9 1 3 0 2 5 8 6 4 7
12 1 11 1 3 8 2 0 5 6 4 7
12 3 9 1 3 8 2 5 7 0 4 6
12 2 10 1 3 8 2 4 5 6 0 7
12 2 10 1 0 8 2 3 5 6 4 7
12 3 9 1 3 8 2 4 5 0 6 7
13 2 11 1 3 8 2 5 7 6 0 4
13 2 11 1 0 3 2 5 8 6 4 7
13 3 10 1 3 8 2 5 7 0 6 4
14 2 12 1 3 8 0 5 2 6 4 7
14 3 11 0 3 1 2 5 8 6 4 7
13 4 9 3 0 1 2 5 8 6 4 7
13 5 8 3 1 0 2 5 8 6 4 7
14 2 12 1 3 8 0 2 5 6 4 7
14 4 10 1 3 8 0 5 7 2 4 6
14 3 11 0 1 8 2 3 5 6 4 7
14 4 10 1 3 8 0 4 5 2 6 7
15 4 11 1 3 8 2 5 7 4 0 6
15 3 12 1 3 8 2 4 5 6 7 0
15 3 12 1 8 0 2 3 5 6 4 7
15 3 12 1 3 8 2 0 7 6 5 4
15 3 12 1 5 3 2 0 8 6 4 7
15 5 10 1 3 8 2 5 7 4 6 0
15 4 11 1 3 8 0 5 7 2 6 4
15 5 10 3 5 1 2 0 8 6 4 7
15 6 9 3 1 8 2 5 0 6 4 7
15 4 11 1 0 8 2 3 7 6 5 4
15 4 11 1 5 3 2 4 8 6 0 7
15 6 9 3 5 1 2 4 8 6 0 7
15 7 8 3 1 8 2 5 7 6 4 0
15 5 10 1 5 3 2 4 8 0 6 7
15 7 8 3 5 1 2 4 8 0 6 7
16 4 12 1 3 8 2 0 7 6 4 5
16 4 12 1 3 5 2 0 8 6 4 7
16 6 10 1 3 8 2 4 5 5 6 0
16 3 13 1 3 8 5 0 2 6 4 7
16 3 13 0 3 8 1 5 2 6 4 7
15 4 11 3 0 8 1 5 2 6 4 7
16 4 12 2 3 1 0 5 8 6 4 7
16 4 12 1 3 8 5 2 0 6 4 7
16 3 13 0 3 8 1 2 5 6 4 7
15 4 11 3 0 8 1 2 5 6 4 7
16 5 11 1 3 8 5 0 7 2 4 6
16 5 11 0 3 8 1 5 7 2 4 6
15 6 9 3 0 8 1 5 7 2 4 6
16 4 12 2 1 8 0 3 5 6 4 7
15 5 10 2 1 8 3 0 5 6 4 7
15 6 9 2 1 8 3 5 0 6 4 7
15 6 9 2 1 8 3 4 5 6 0 7
15 7 8 2 1 8 3 5 7 6 4 0
15 7 8 2 1 0 3 5 8 6 4 7
15 7 8 2 1 8 3 4 5 0 6 7
15 8 7 2 1 8 0 4 5 3 6 7
15 9 6 0 1 8 2 4 5 3 6 7
15 10 5 1 0 8 2 4 5 3 6 7
15 11 4 1 4 8 2 0 5 3 6 7
15 12 3 1 4 8 2 5 0 3 6 7
15 13 2 1 4 8 2 5 7 3 6 0
15 13 2 1 4 0 2 5 8 3 6 7
16 6 10 1 3 8 5 4 0 2 6 7
16 5 11 0 3 8 1 4 5 2 6 7
15 6 9 3 0 8 1 4 5 2 6 7
15 7 8 3 4 8 1 0 5 2 6 7
15 8 7 3 4 8 1 5 0 2 6 7
15 9 6 3 4 8 1 5 7 2 6 0
15 9 6 3 4 0 1 5 8 2 6 7
16 5 11 1 3 8 2 4 7 6 0 5
15 6 9 1 3 8 2 4 7 6 5 0
16 5 11 1 0 8 2 3 7 6 4 5
16 5 11 1 3 5 2 4 8 6 0 7
16 5 11 1 0 5 2 3 8 6 4 7
15 6 9 1 5 0 2 3 8 6 4 7
16 4 12 1 3 8 5 4 2 6 0 7
16 4 12 1 0 8 5 3 2 6 4 7
16 5 11 1 3 8 5 2 7 6 4 0
16 5 11 1 3 0 5 2 8 6 4 7
16 6 10 1 3 8 5 4 7 2 0 6
16 6 10 1 0 8 5 3 7 2 4 6
16 7 9 1 3 8 5 4 7 2 6 0
16 7 9 1 3 0 5 4 8 2 6 7
16 6 10 1 3 8 2 4 7 0 6 5
16 6 10 1 3 5 2 4 8 0 6 7
16 5 11 1 3 8 5 4 2 0 6 7
17 4 13 1 3 8 0 5 7 6 4 2
17 4 13 1 3 2 0 5 8 6 4 7
17 3 14 1 3 8 6 5 2 0 4 7
17 3 14 1 3 8 6 2 5 0 4 7
16 4 12 1 3 8 6 2 5 4 0 7
16 5 11 1 3 8 6 2 5 4 7 0
17 5 12 1 3 8 4 0 5 2 6 7
17 5 12 1 3 8 2 0 7 4 5 6
17 5 12 1 3 8 2 4 5 0 7 6
17 4 13 1 3 8 0 2 7 6 5 4
17 4 13 1 5 3 2 8 0 6 4 7
16 5 11 1 5 0 2 8 3 6 4 7
17 4 13 1 5 3 0 2 8 6 4 7
17 6 11 1 3 8 2 5 0 4 6 7
17 5 12 0 3 8 1 5 7 2 6 4
16 6 10 3 0 8 1 5 7 2 6 4
17 6 11 3 5 1 2 8 0 6 4 7
17 6 11 3 5 1 0 2 8 6 4 7
17 7 10 3 1 8 2 0 5 6 4 7
17 5 12 0 1 8 2 3 7 6 5 4
17 9 8 3 1 8 2 5 7 0 4 6
17 6 11 1 5 3 0 4 8 2 6 7
17 8 9 3 5 1 0 4 8 2 6 7
17 5 12 3 5 8 1 0 2 6 4 7
17 7 10 3 5 8 1 0 7 2 4 6
17 9 8 2 1 8 3 5 7 0 4 6
17 8 9 2 0 1 3 5 8 6 4 7
17 10 7 2 1 8 5 4 0 3 6 7
17 12 5 1 4 8 0 2 5 3 6 7
17 12 5 1 4 8 2 6 5 3 0 7
17 14 3 1 4 8 2 5 7 3 0 6
17 14 3 1 0 4 2 5 8 3 6 7
17 8 9 3 4 8 1 6 5 2 0 7
17 10 7 3 4 8 1 5 7 2 0 6
17 10 7 3 0 4 1 5 8 2 6 7
17 8 9 1 3 8 2 4 7 0 5 6
17 7 10 1 3 8 2 4 0 6 5 7
17 7 10 1 5 8 2 3 0 6 4 7
17 5 12 1 3 2 6 5 8 0 4 7
16 6 10 1 3 2 6 5 8 4 0 7
16 7 9 1 3 2 6 5 8 4 7 0
15 8 7 1 3 2 6 5 0 4 7 8
15 10 5 1 3 2 0 5 6 4 7 8
15 11 4 1 3 2 4 5 6 0 7 8
15 12 3 1 3 2 4 5 6 7 0 8
15 13 2 1 3 2 4 5 6 7 8 0
17 4 13 1 3 8 6 5 2 4 0 7
17 5 12 1 3 8 6 2 5 7 4 0
17 6 11 1 3 8 4 5 0 2 6 7
17 6 11 1 0 8 4 3 5 2 6 7
17 6 11 1 0 8 2 3 7 4 5 6
17 6 11 1 3 8 2 4 5 7 0 6
17 5 12 1 5 3 2 8 7 6 4 0
17 5 12 1 5 3 6 2 8 0 4 7
16 6 10 1 5 3 6 2 8 4 0 7
16 7 9 1 5 3 6 2 8 4 7 0
15 8 7 1 5 3 6 2 0 4 7 8
15 10 5 1 5 3 0 2 6 4 7 8
15 11 4 1 5 3 4 2 6 0 7 8
15 12 3 1 5 3 4 2 6 7 0 8
15 13 2 1 5 3 4 2 6 7 8 0
17 7 10 1 3 0 2 5 8 4 6 7
17 7 10 3 5 1 2 8 7 6 4 0
17 7 10 0 5 1 3 2 8 6 4 7
17 8 9 3 1 8 2 4 5 6 0 7
17 9 8 0 5 1 3 4 8 2 6 7
17 6 11 3 5 8 1 2 0 6 4 7
17 6 11 3 5 8 1 4 2 6 0 7
17 8 9 3 5 8 1 4 7 2 0 6
17 10 7 2 1 8 0 5 7 3 4 6
17 11 6 2 1 8 5 4 7 3 6 0
17 11 6 2 1 0 5 4 8 3 6 7
17 8 9 1 3 0 2 4 8 6 5 7
17 8 9 1 5 8 2 3 7 6 4 0
17 7 10 1 3 2 6 5 8 7 4 0
16 8 8 1 3 2 6 5 0 7 4 8
16 10 6 1 3 2 0 5 6 7 4 8
17 9 8 1 3 2 6 0 5 4 7 8
17 11 6 1 3 2 5 0 6 4 7 8
17 11 6 0 3 2 1 5 6 4 7 8
17 13 4 1 3 2 4 5 6 8 7 0
17 13 4 1 3 2 4 0 6 7 5 8
17 14 3 1 3 2 4 5 0 7 8 6
17 5 12 1 3 8 6 5 2 4 7 0
17 7 10 1 3 8 4 5 7 2 6 0
17 7 10 1 3 0 4 5 8 2 6 7
17 7 10 1 5 3 6 2 8 7 4 0
16 8 8 1 5 3 6 2 0 7 4 8
16 10 6 1 5 3 0 2 6 7 4 8
17 9 8 1 5 0 6 2 3 4 7 8
17 11 6 0 5 3 1 2 6 4 7 8
17 13 4 1 5 3 4 2 6 8 7 0
17 13 4 1 5 3 4 0 6 7 2 8
17 14 3 1 5 3 4 2 0 7 8 6
17 9 8 1 5 0 3 2 8 6 4 7
17 9 8 3 1 8 2 4 5 0 6 7
17 11 6 1 5 0 3 4 8 2 6 7
17 7 10 3 5 8 1 2 7 6 4 0
17 7 10 3 5 0 1 2 8 6 4 7
17 7 10 3 5 8 1 4 2 0 6 7
17 9 8 3 5 8 1 4 7 2 6 0
17 11 6 0 1 8 2 5 7 3 4 6
17 10 7 1 3 2 0 6 5 4 7 8
17 14 3 1 0 3 4 5 6 7 2 8
17 12 5 1 0 8 2 5 7 3 4 6
17 11 6 1 3 2 4 6 5 0 7 8
17 12 5 1 3 2 4 6 5 7 0 8
17 13 4 1 3 2 4 6 5 7 8 0
18 6 12 1 3 8 2 0 7 5 4 6
18 6 12 1 3 8 2 5 7 7 6 0
16 8 8 1 3 8 2 5 7 0 6 7
18 4 14 1 3 8 2 4 0 6 7 5
18 4 14 1 8 5 2 3 0 6 4 7
18 4 14 1 3 8 2 7 0 6 5 4
18 5 13 1 8 0 2 3 7 6 5 4
18 5 13 1 5 3 2 4 8 6 7 0
17 7 10 1 5 3 2 4 8 0 7 6
17 6 11 1 5 3 2 4 0 6 7 8
17 8 9 1 5 3 2 4 8 7 0 6
18 7 11 3 5 1 2 4 8 6 7 0
18 8 10 3 1 8 2 5 7 6 0 4
18 5 13 1 3 5 2 8 0 6 4 7
17 6 11 1 3 0 2 8 5 6 4 7
18 8 10 1 3 8 2 4 5 0 6 5
18 7 11 1 3 8 2 4 5 5 0 6
17 8 9 1 3 8 2 4 5 0 5 6
18 5 13 3 8 0 1 5 2 6 4 7
18 5 13 2 3 1 5 0 8 6 4 7
18 5 13 3 8 0 1 2 5 6 4 7
18 5 13 3 2 8 1 0 5 6 4 7
18 7 11 3 8 0 1 5 7 2 4 6
18 6 12 2 1 8 5 3 0 6 4 7
18 6 12 2 0 8 3 1 5 6 4 7
18 7 11 2 1 8 3 4 5 6 7 0
18 8 10 2 1 8 3 5 7 6 0 4
18 9 9 2 1 8 4 0 5 3 6 7
18 12 6 4 1 8 2 0 5 3 6 7
18 11 7 1 8 0 2 4 5 3 6 7
18 7 11 3 8 0 1 4 5 2 6 7
18 8 10 3 4 8 0 1 5 2 6 7
18 6 12 0 1 8 2 3 7 6 4 5
18 6 12 0 1 5 2 3 8 6 4 7
18 5 13 0 1 8 5 3 2 6 4 7
18 7 11 1 3 8 5 2 7 0 4 6
18 7 11 0 1 8 5 3 7 2 4 6
18 8 10 1 3 8 2 4 7 5 6 0
18 7 11 1 3 8 0 4 7 2 6 5
18 7 11 1 3 5 0 4 8 2 6 7
18 8 10 1 3 8 5 4 2 2 6 0
18 5 13 1 3 8 6 5 2 7 4 0
18 5 13 1 3 8 6 0 5 4 2 7
18 8 10 1 3 8 0 2 5 4 7 6
18 7 11 1 3 2 6 0 8 4 5 7
17 8 9 1 3 2 6 8 0 4 5 7
17 10 7 1 3 2 0 8 6 4 5 7
17 11 6 1 3 2 4 8 6 0 5 7
17 13 4 1 3 2 4 8 6 7 5 0
18 10 8 1 3 2 0 5 8 4 7 6
18 9 9 1 3 0 6 5 2 4 7 8
18 7 11 1 5 3 6 0 8 4 2 7
17 8 9 1 5 3 6 8 0 4 2 7
17 10 7 1 5 3 0 8 6 4 2 7
17 11 6 1 5 3 4 8 6 0 2 7
17 13 4 1 5 3 4 8 6 7 2 0
18 10 8 1 5 3 0 2 8 4 7 6
18 9 9 1 5 3 6 0 2 4 7 8
18 11 7 1 5 3 2 0 6 4 7 8
18 9 9 1 3 2 6 0 5 7 4 8
17 10 7 1 3 2 6 4 5 7 0 8
17 11 6 1 3 2 6 4 5 7 8 0
18 11 7 1 3 2 5 0 6 7 4 8
17 12 5 1 3 2 5 4 6 7 0 8
17 13 4 1 3 2 5 4 6 7 8 0
18 11 7 1 3 2 7 5 6 0 4 8
17 12 5 1 3 2 7 5 6 4 0 8
17 13 4 1 3 2 7 5 6 4 8 0
18 11 7 0 3 2 1 5 6 7 4 8
18 10 8 1 3 4 0 5 8 2 6 7
18 9 9 1 5 0 6 2 3 7 4 8
18 11 7 1 5 3 7 2 6 0 4 8
17 12 5 1 5 3 7 2 6 4 0 8
17 13 4 1 5 3 7 2 6 4 8 0
18 11 7 0 5 3 1 2 6 7 4 8
18 7 11 1 3 8 2 4 7 5 0 6
18 7 11 1 0 8 2 3 7 5 4 6
18 9 9 1 3 8 2 5 7 6 0 7
18 9 9 1 3 8 0 5 7 2 6 7
18 5 13 1 3 0 2 4 8 6 7 5
18 5 13 1 8 5 2 3 7 6 4 0
18 5 13 1 3 8 2 7 4 6 5 0
18 5 13 1 3 0 2 7 8 6 5 4
18 6 12 1 8 7 2 3 0 6 5 4
18 9 9 3 1 8 2 5 7 0 6 4
18 6 12 1 3 5 2 8 7 6 4 0
18 6 12 2 3 1 5 4 8 6 0 7
18 6 12 2 0 1 5 3 8 6 4 7
18 6 12 3 2 8 1 5 0 6 4 7
18 6 12 3 2 8 1 4 5 6 0 7
18 8 10 3 8 7 1 5 0 2 4 6
18 7 11 2 1 8 5 3 7 6 4 0
18 7 11 2 1 0 5 3 8 6 4 7
18 9 9 2 1 8 3 5 7 0 6 4
18 10 8 2 1 8 4 5 0 3 6 7
18 13 5 4 1 8 2 5 0 3 6 7
18 9 9 3 4 8 2 1 5 0 6 7
18 9 9 0 4 8 3 1 5 2 6 7
18 6 12 1 3 8 6 5 0 4 2 7
18 6 12 1 3 8 0 6 5 4 2 7
18 9 9 1 3 8 4 2 5 0 7 6
18 8 10 1 3 2 0 6 8 4 5 7
18 11 7 1 3 2 4 5 8 0 7 6
18 10 8 1 0 3 6 5 2 4 7 8
18 8 10 1 5 3 0 6 8 4 2 7
18 8 10 1 0 3 6 5 8 4 2 7
18 11 7 1 5 3 4 2 8 0 7 6
18 10 8 1 5 3 0 6 2 4 7 8
18 12 6 1 0 3 2 5 6 4 7 8
18 10 8 1 3 2 0 6 5 7 4 8
18 11 7 1 3 4 2 5 8 0 6 7
18 8 10 1 3 7 2 0 8 6 5 4
18 7 11 1 8 7 2 3 4 6 5 0
18 7 11 2 3 1 5 4 8 0 6 7
18 7 11 3 2 8 1 5 7 6 4 0
18 7 11 3 2 0 1 5 8 6 4 7
18 7 11 3 2 8 1 4 5 0 6 7
18 10 8 2 1 8 0 5 7 3 6 4
18 11 7 2 1 8 4 5 7 3 6 0
18 11 7 2 1 0 4 5 8 3 6 7
18 14 4 4 1 8 2 5 7 3 6 0
18 14 4 4 1 0 2 5 8 3 6 7
18 12 6 1 4 8 3 0 5 2 6 7
18 8 10 1 3 8 0 5 6 4 2 7
18 7 11 1 3 0 6 5 8 4 2 7
18 7 11 1 3 8 4 6 5 0 2 7
18 10 8 1 3 8 4 2 5 7 0 6
18 9 9 1 3 2 4 6 8 0 5 7
18 12 6 1 3 2 4 5 8 7 0 6
18 9 9 1 5 3 4 6 8 0 2 7
18 12 6 1 5 3 4 2 8 7 0 6
18 11 7 1 5 3 4 6 2 0 7 8
18 9 9 1 3 7 2 5 8 6 0 4
17 10 7 1 3 7 2 5 8 6 4 0
18 9 9 1 0 7 2 3 8 6 5 4
18 11 7 0 1 8 2 5 7 3 6 4
18 13 5 1 4 8 3 5 0 2 6 7
18 9 9 1 3 8 4 5 6 0 2 7
18 9 9 1 3 8 4 6 5 7 2 0
18 11 7 1 3 2 4 6 8 7 5 0
17 12 5 1 3 2 4 6 0 7 5 8
18 11 7 1 5 3 4 6 8 7 2 0
17 12 5 1 5 3 4 6 0 7 2 8
18 12 6 1 5 3 4 6 2 7 0 8
18 10 8 1 3 7 2 5 8 0 6 4
18 12 6 1 0 8 2 5 7 3 6 4
18 14 4 1 4 8 3 5 7 2 6 0
18 14 4 1 4 0 3 5 8 2 6 7
18 11 7 1 3 8 4 5 6 7 2 0
18 13 5 1 5 3 4 6 2 7 8 0
19 6 13 8 3 0 2 5 8 6 4 7
18 8 10 0 3 8 2 5 8 6 4 7
17 9 8 3 0 8 2 5 8 6 4 7
19 7 12 0 1 3 2 5 8 6 4 7
19 6 13 1 3 8 7 5 0 2 4 6
19 5 14 8 1 0 2 3 5 6 4 7
19 6 13 5 1 0 2 3 5 6 4 7
19 5 14 0 8 1 2 3 5 6 4 7
19 8 11 3 1 8 0 5 2 6 4 7
19 5 14 1 3 8 2 7 0 6 4 5
18 6 12 1 3 8 2 7 5 6 4 0
19 7 12 1 3 8 2 4 0 5 6 5
19 6 13 2 3 0 1 5 2 6 4 7
19 5 14 2 3 1 6 5 8 0 4 7
18 6 12 2 3 1 6 5 8 4 0 7
18 7 11 2 3 1 6 5 8 4 7 0
17 8 9 2 3 1 6 5 0 4 7 8
17 10 7 2 3 1 0 5 6 4 7 8
17 11 6 2 3 1 4 5 6 0 7 8
17 12 5 2 3 1 4 5 6 7 0 8
17 13 4 2 3 1 4 5 6 7 8 0
19 6 13 2 3 8 1 0 5 6 4 7
19 6 13 1 3 8 5 7 0 2 4 6
19 5 14 2 1 8 6 3 5 0 4 7
19 10 9 2 1 8 0 5 7 6 4 3
19 10 9 2 1 8 3 4 5 5 6 0
19 14 5 1 4 8 0 5 2 3 6 7
19 15 4 1 4 8 2 5 7 0 6 3
19 15 4 0 4 1 2 5 8 3 6 7
19 7 12 1 3 8 5 0 4 2 6 7
19 8 11 4 3 8 1 0 5 2 6 7
19 12 7 3 4 1 0 5 8 2 6 7
19 6 13 1 8 0 2 3 7 6 4 5
19 6 13 1 3 5 2 4 8 6 7 0
19 8 11 0 5 1 2 3 8 6 4 7
19 5 14 1 3 8 5 4 2 6 7 0
19 5 14 1 8 0 5 3 2 6 4 7
19 6 13 1 3 8 5 2 7 6 0 4
19 6 13 1 0 3 5 2 8 6 4 7
19 7 12 1 3 8 5 4 7 0 2 6
19 7 12 1 8 0 5 3 7 2 4 6
19 8 11 1 0 3 5 4 8 2 6 7
19 6 13 1 3 8 0 4 2 5 6 7
19 5 14 1 3 8 5 0 7 6 4 2
19 5 14 0 3 8 1 5 7 6 4 2
18 6 12 3 0 8 1 5 7 6 4 2
19 5 14 1 3 2 5 0 8 6 4 7
19 5 14 0 3 2 1 5 8 6 4 7
18 7 11 2 3 0 1 5 8 6 4 7
18 6 12 3 0 2 1 5 8 6 4 7
19 6 13 1 3 8 6 5 2 2 4 0
19 6 13 1 3 8 6 2 0 4 7 5
19 6 13 1 3 8 0 2 7 4 5 6
18 8 10 1 3 8 7 2 0 4 5 6
18 9 9 1 3 8 7 2 6 4 5 0
18 9 9 1 3 0 7 2 8 4 5 6
18 10 8 1 0 3 7 2 8 4 5 6
18 11 7 1 2 3 7 0 8 4 5 6
17 12 5 1 2 3 7 8 0 4 5 6
17 13 4 1 2 3 7 8 6 4 5 0
18 12 6 1 2 3 7 5 8 4 0 6
19 6 13 1 3 8 0 4 5 2 7 6
19 5 14 0 3 8 1 2 7 6 5 4
18 6 12 3 0 8 1 2 7 6 5 4
19 6 13 1 0 5 2 8 3 6 4 7
19 7 12 1 3 8 2 0 5 4 6 7
19 7 12 3 8 0 1 5 7 2 6 4
19 8 11 3 1 8 0 2 5 6 4 7
19 6 13 2 1 8 0 3 7 6 5 4
18 7 11 2 1 8 3 0 7 6 5 4
19 10 9 3 1 8 0 5 7 2 4 6
19 7 12 0 5 3 1 4 8 2 6 7
17 9 8 3 5 0 1 4 8 2 6 7
19 14 5 1 4 8 5 2 0 3 6 7
19 13 6 1 4 8 3 2 5 0 6 7
19 13 6 0 4 8 1 2 5 3 6 7
19 13 6 1 4 8 2 6 5 0 3 7
19 15 4 1 4 8 2 5 7 0 3 6
19 15 4 1 4 8 2 0 7 3 5 6
19 15 4 1 5 4 2 0 8 3 6 7
19 11 8 3 4 8 1 0 7 2 5 6
19 9 10 1 3 8 0 4 7 2 5 6
19 8 11 1 5 8 2 0 3 6 4 7
19 8 11 1 3 2 6 5 8 8 4 0
18 9 9 1 3 2 6 5 0 8 4 8
18 11 7 1 3 2 0 5 6 8 4 8
19 15 4 1 3 2 4 5 6 0 8 7
19 5 14 1 3 8 6 0 2 4 5 7
18 6 12 1 3 8 6 2 0 4 5 7
18 8 10 1 3 8 0 2 6 4 5 7
18 7 11 1 3 0 6 2 8 4 5 7
18 9 9 1 3 8 4 2 6 0 5 7
18 8 10 1 0 3 6 2 8 4 5 7
18 11 7 1 3 8 4 2 6 7 5 0
18 9 9 1 2 3 6 0 8 4 5 7
17 10 7 1 2 3 6 8 0 4 5 7
17 12 5 1 2 3 0 8 6 4 5 7
17 13 4 1 2 3 4 8 6 0 5 7
17 15 2 1 2 3 4 8 6 7 5 0
18 10 8 1 2 3 0 6 8 4 5 7
18 10 8 1 2 3 6 5 8 4 0 7
18 11 7 1 2 3 4 6 8 0 5 7
18 11 7 1 2 3 6 5 8 4 7 0
17 12 5 1 2 3 6 5 0 4 7 8
17 14 3 1 2 3 0 5 6 4 7 8
17 15 2 1 2 3 4 5 6 0 7 8
17 16 1 1 2 3 4 5 6 7 0 8
