0 0 1 3 8 2 5 0 6 4 7 
9 1 1 3 8 2 5 7 6 4 0
8 1 1 3 8 2 5 7 6 0 4
7 1 1 3 8 2 5 7 0 6 4
9 2 1 3 8 2 5 7 4 6 0
6 1 1 3 8 2 5 0 4 6 7
3 1 1 3 0 2 5 8 4 6 7
4 3 1 3 2 0 5 8 4 6 7
7 1 1 3 2 4 5 8 0 6 7
9 2 1 3 2 4 5 8 7 6 0
8 1 1 3 2 4 5 8 7 0 6
5 1 1 3 2 4 0 8 7 5 6
6 1 1 3 2 4 8 0 7 5 6
9 1 1 3 2 4 8 6 7 5 0
5 3 1 3 2 4 0 6 7 5 8
8 1 1 3 2 4 5 6 7 0 8
9 1 1 3 2 4 5 6 7 8 0
6 1 1 3 2 4 5 0 7 8 6
3 1 1 3 0 4 5 2 7 8 6
2 1 1 0 3 4 5 2 7 8 6
5 1 1 5 3 4 0 2 7 8 6
6 1 1 5 3 4 2 0 7 8 6
3 1 1 5 0 4 2 3 7 8 6
5 3 1 5 2 4 0 3 7 8 6
2 1 1 0 2 4 5 3 7 8 6
3 1 1 2 0 4 5 3 7 8 6
6 1 1 2 3 4 5 0 7 8 6
9 1 1 2 3 4 5 6 7 8 0
35 0.036995887756347656