0 0 9 1 3 8 2 5 0 6 4 7
0 1 8 1 3 8 2 5 7 6 4 0
0 1 8 1 3 0 2 5 8 6 4 7
0 3 8 1 3 8 2 5 7 0 4 6
0 2 9 1 3 8 2 5 7 6 0 4
0 3 8 1 3 8 2 5 7 0 6 4
0 5 8 1 3 8 2 5 7 4 6 0
0 2 9 1 0 3 2 5 8 6 4 7
0 4 9 1 3 8 2 5 7 4 0 6
0 4 9 1 3 8 0 5 7 2 4 6
0 6 9 1 3 8 2 5 7 7 6 0
0 8 7 1 3 8 2 5 7 0 6 7
0 9 8 1 3 8 2 5 7 6 0 7
0 9 8 1 3 8 0 5 7 2 6 7
0 4 9 1 3 8 0 5 7 2 6 4
0 6 9 1 3 8 2 5 0 4 6 7
0 7 8 1 3 0 2 5 8 4 6 7
0 11 9 1 3 8 2 0 7 5 6 7
0 12 8 1 0 8 2 3 7 5 6 7
0 10 9 1 3 8 2 5 7 6 7 0
0 10 9 1 3 8 2 0 7 6 5 7
0 11 8 1 0 8 2 3 7 6 5 7
0 10 9 1 3 8 5 0 7 2 6 7
0 11 8 1 0 8 5 3 7 2 6 7
0 10 9 0 3 8 1 5 7 2 6 7
0 11 8 3 0 8 1 5 7 2 6 7
0 10 9 1 3 2 0 5 8 4 6 7
0 11 8 1 3 2 4 5 8 0 6 7
0 13 6 1 3 2 4 5 8 7 6 0
0 14 5 1 3 2 4 5 8 7 0 6
0 14 5 1 3 2 4 5 0 7 6 8
0 15 6 1 3 2 4 5 8 0 7 6
0 15 6 1 3 2 4 0 8 7 5 6
0 16 5 1 3 2 4 8 0 7 5 6
0 17 4 1 3 2 4 8 6 7 5 0
0 20 4 1 3 2 4 0 6 7 5 8
0 21 3 1 3 2 4 5 6 7 0 8
0 22 2 1 3 2 4 5 6 7 8 0
0 23 3 1 3 2 4 5 0 7 8 6
0 22 4 1 3 2 4 5 6 0 7 8
0 24 4 1 3 2 4 5 6 0 8 7
0 25 4 1 3 2 4 0 6 7 8 5
0 24 4 1 3 2 4 0 5 7 8 6
0 24 4 1 3 0 4 5 2 7 8 6
0 25 3 1 0 3 4 5 2 7 8 6
0 24 4 1 3 2 4 5 6 8 7 0
0 26 4 0 1 3 4 5 2 7 8 6
0 26 4 1 5 3 4 0 2 7 8 6
0 27 3 1 5 3 4 2 0 7 8 6
0 28 2 1 5 3 4 2 6 7 8 0
0 29 3 1 5 3 4 2 6 7 0 8
0 28 4 1 5 0 4 2 3 7 8 6
0 30 4 1 5 3 4 2 6 0 8 7
0 31 4 1 5 3 4 0 6 7 8 2
0 32 3 1 0 3 4 5 6 7 8 2
0 30 4 1 5 3 4 2 6 0 7 8
0 30 4 1 5 3 4 0 6 7 2 8
0 31 3 1 0 3 4 5 6 7 2 8
0 31 4 1 5 2 4 0 3 7 8 6
0 32 3 1 0 2 4 5 3 7 8 6
0 33 2 1 2 0 4 5 3 7 8 6
0 34 1 1 2 3 4 5 0 7 8 6
