0 0 5 1 3 8 2 5 0 6 4 7
0 1 4 1 3 0 2 5 8 6 4 7
0 2 4 1 0 3 2 5 8 6 4 7
0 1 5 1 3 8 2 5 7 6 4 0
0 3 5 0 3 1 2 5 8 6 4 7
0 4 5 1 3 5 2 0 8 6 4 7
0 4 5 1 3 2 0 5 8 6 4 7
0 3 5 0 1 3 2 5 8 6 4 7
0 3 5 1 5 3 2 0 8 6 4 7
0 3 5 1 3 8 2 5 7 0 4 6
0 2 5 1 3 8 2 5 7 6 0 4
0 3 4 1 3 8 2 5 7 0 6 4
0 5 4 1 3 8 2 5 7 4 6 0
0 6 4 1 3 8 2 5 7 7 6 0
0 6 4 1 3 8 2 5 0 4 6 7
0 7 3 1 3 0 2 5 8 4 6 7
0 8 3 1 0 3 2 5 8 4 6 7
0 8 4 1 3 8 2 5 7 0 6 7
0 7 4 1 3 8 2 5 0 7 6 7
0 8 3 1 3 0 2 5 8 7 6 7
0 9 3 1 0 3 2 5 8 7 6 7
0 9 4 0 3 1 2 5 8 4 6 7
0 10 4 1 3 5 2 0 8 4 6 7
0 10 4 1 3 2 0 5 8 4 6 7
0 9 4 0 1 3 2 5 8 4 6 7
0 9 4 1 5 3 2 0 8 4 6 7
0 10 4 0 3 1 2 5 8 7 6 7
0 11 4 1 3 5 2 0 8 7 6 7
0 11 4 1 3 2 0 5 8 7 6 7
0 10 4 0 1 3 2 5 8 7 6 7
0 10 4 1 5 3 2 0 8 7 6 7
0 12 4 8 3 0 2 5 8 4 6 7
0 10 4 3 0 1 2 5 8 4 6 7
0 11 4 1 0 5 2 3 8 4 6 7
0 11 4 1 3 2 4 5 8 0 6 7
0 11 4 3 1 0 2 5 8 4 6 7
0 12 4 8 1 0 2 5 8 4 6 7
0 13 4 8 3 0 2 5 8 7 6 7
0 11 4 3 0 1 2 5 8 7 6 7
0 12 4 1 0 5 2 3 8 7 6 7
0 12 4 1 3 2 7 5 8 0 6 7
0 12 4 3 1 0 2 5 8 7 6 7
0 13 4 8 1 0 2 5 8 7 6 7
0 14 4 0 3 8 2 5 8 4 6 7
0 13 4 8 0 3 2 5 8 4 6 7
0 12 4 1 5 0 2 3 8 4 6 7
0 13 4 1 3 2 4 5 8 7 6 0
0 14 4 1 3 2 4 5 8 8 6 0
0 14 4 0 1 8 2 5 8 4 6 7
0 15 3 1 0 8 2 5 8 4 6 7
0 16 3 1 8 0 2 5 8 4 6 7
0 13 4 8 0 1 2 5 8 4 6 7
0 15 4 0 3 8 2 5 8 7 6 7
0 14 4 8 0 3 2 5 8 7 6 7
0 13 4 1 5 0 2 3 8 7 6 7
0 14 4 1 3 2 7 5 8 7 6 0
0 15 4 1 3 2 7 5 8 8 6 0
0 15 4 0 1 8 2 5 8 7 6 7
0 16 3 1 0 8 2 5 8 7 6 7
0 17 3 1 8 0 2 5 8 7 6 7
0 14 4 8 0 1 2 5 8 7 6 7
0 15 4 3 0 8 2 5 8 4 6 7
0 14 4 0 8 3 2 5 8 4 6 7
0 16 4 1 3 2 0 5 8 7 6 4
0 14 4 1 3 2 4 5 8 7 0 6
0 14 4 1 3 2 4 5 0 7 6 8
0 16 4 1 3 2 4 5 8 0 6 8
0 17 4 1 3 2 0 5 8 8 6 4
0 16 4 1 5 8 2 0 8 4 6 7
0 18 4 0 8 1 2 5 8 4 6 7
0 19 4 1 8 5 2 0 8 4 6 7
0 19 4 1 8 2 0 5 8 4 6 7
0 17 4 1 8 8 2 5 0 4 6 7
0 16 4 3 0 8 2 5 8 7 6 7
0 15 4 0 8 3 2 5 8 7 6 7
0 17 4 1 3 2 7 5 8 0 6 8
0 18 4 1 3 2 0 5 8 8 6 7
0 17 4 1 5 8 2 0 8 7 6 7
0 19 4 0 8 1 2 5 8 7 6 7
0 20 4 1 8 5 2 0 8 7 6 7
0 20 4 1 8 2 0 5 8 7 6 7
0 18 4 1 8 8 2 5 0 7 6 7
0 16 4 3 8 0 2 5 8 4 6 7
0 17 4 8 8 0 2 5 8 4 6 7
0 17 4 1 3 2 7 5 8 0 6 4
0 15 4 1 3 0 4 5 2 7 6 8
0 16 3 1 0 3 4 5 2 7 6 8
0 17 4 1 3 2 0 5 8 4 6 8
0 18 4 1 3 2 8 5 8 0 6 4
0 20 4 1 0 5 2 8 8 4 6 7
0 20 4 1 8 2 4 5 8 0 6 7
0 18 4 1 8 8 2 5 7 4 6 0
0 17 4 3 8 0 2 5 8 7 6 7
0 18 4 8 8 0 2 5 8 7 6 7
0 18 4 1 3 2 0 5 8 7 6 8
0 19 4 1 3 2 8 5 8 0 6 7
0 21 4 1 0 5 2 8 8 7 6 7
0 21 4 1 8 2 7 5 8 0 6 7
0 19 4 1 8 8 2 5 7 7 6 0
0 19 4 0 8 8 2 5 8 4 6 7
0 18 4 8 0 8 2 5 8 4 6 7
0 19 4 1 3 2 7 5 8 4 6 0
0 17 4 0 1 3 4 5 2 7 6 8
0 17 4 1 5 3 4 0 2 7 6 8
0 20 4 1 3 2 8 5 8 4 6 0
0 21 4 1 3 2 8 5 8 8 6 0
0 21 4 1 5 0 2 8 8 4 6 7
0 22 4 1 8 2 4 5 8 7 6 0
0 23 4 1 8 2 4 5 8 8 6 0
0 20 4 1 8 8 2 5 7 0 6 4
0 20 4 0 8 8 2 5 8 7 6 7
0 19 4 8 0 8 2 5 8 7 6 7
0 21 4 1 3 2 8 5 8 7 6 0
0 22 4 1 5 0 2 8 8 7 6 7
0 23 4 1 8 2 7 5 8 7 6 0
0 24 4 1 8 2 7 5 8 8 6 0
0 21 4 1 8 8 2 5 7 0 6 7
0 18 4 1 5 3 4 2 0 7 6 8
0 18 4 1 5 3 4 6 2 7 0 8
0 19 3 1 5 3 4 6 2 7 8 0
0 22 3 1 5 3 4 0 2 7 8 6
0 23 2 1 0 3 4 5 2 7 8 6
0 20 3 1 5 3 4 6 0 7 8 2
0 21 2 1 5 3 4 0 6 7 8 2
0 22 1 1 0 3 4 5 6 7 8 2
0 23 2 1 3 0 4 5 6 7 8 2
0 23 2 0 1 3 4 5 6 7 8 2
0 23 3 1 5 3 4 2 0 7 8 6
0 24 2 1 5 3 4 2 6 7 8 0
0 24 3 1 3 0 4 5 2 7 8 6
0 24 3 0 1 3 4 5 2 7 8 6
0 22 3 1 5 3 0 4 6 7 8 2
0 22 3 1 5 3 4 8 6 7 0 2
0 25 3 0 3 1 4 5 6 7 8 2
0 26 3 1 3 5 4 0 6 7 8 2
0 26 3 1 3 4 0 5 6 7 8 2
0 24 3 1 3 6 4 5 0 7 8 2
0 25 3 3 1 0 4 5 6 7 8 2
0 26 3 6 1 0 4 5 6 7 8 2
0 26 3 5 1 3 4 0 6 7 8 2
0 24 3 4 1 3 0 5 6 7 8 2
0 26 3 1 5 3 4 2 6 0 8 7
0 27 3 1 5 3 0 2 6 7 8 4
0 25 3 1 5 3 4 2 6 7 0 8
0 25 3 1 3 2 4 5 0 7 8 6
0 26 2 1 3 2 4 5 6 7 8 0
0 23 3 1 5 3 4 8 6 7 2 0
0 28 3 6 3 0 4 5 6 7 8 2
0 29 2 6 0 3 4 5 6 7 8 2
0 30 2 0 6 3 4 5 6 7 8 2
0 26 3 3 0 1 4 5 6 7 8 2
0 27 3 1 0 5 4 3 6 7 8 2
0 25 3 1 3 6 4 5 2 7 8 0
0 28 3 0 1 6 4 5 6 7 8 2
0 29 2 1 0 6 4 5 6 7 8 2
0 30 2 1 6 0 4 5 6 7 8 2
0 27 3 6 0 1 4 5 6 7 8 2
0 27 3 5 0 3 4 1 6 7 8 2
0 29 3 1 5 3 4 2 6 6 8 0
0 29 3 1 5 3 4 0 6 2 8 7
0 30 2 1 0 3 4 5 6 2 8 7
0 28 3 1 5 3 2 0 6 7 8 4
0 29 2 1 0 3 2 5 6 7 8 4
0 26 3 1 5 3 4 0 6 7 2 8
0 27 2 1 0 3 4 5 6 7 2 8
0 28 3 1 3 2 4 5 6 0 8 7
0 29 3 1 3 2 4 0 6 7 8 5
0 29 3 1 3 2 0 5 6 7 8 4
0 27 3 1 3 2 4 5 6 7 0 8
0 30 3 0 3 6 4 5 6 7 8 2
0 30 3 6 5 3 4 0 6 7 8 2
0 32 3 3 6 0 4 5 6 7 8 2
0 33 3 6 6 0 4 5 6 7 8 2
0 33 3 5 6 3 4 0 6 7 8 2
0 31 3 4 6 3 0 5 6 7 8 2
0 28 3 1 5 0 4 3 6 7 8 2
0 30 3 1 5 6 4 0 6 7 8 2
0 32 3 0 6 1 4 5 6 7 8 2
0 33 3 1 6 5 4 0 6 7 8 2
0 33 3 1 6 4 0 5 6 7 8 2
0 31 3 1 6 6 4 5 0 7 8 2
0 28 3 0 5 3 4 1 6 7 8 2
0 31 3 1 5 3 4 2 6 0 8 6
0 32 3 1 5 3 4 0 6 6 8 2
0 33 2 1 0 3 4 5 6 6 8 2
0 31 3 1 3 0 4 5 6 2 8 7
0 31 3 0 1 3 4 5 6 2 8 7
0 30 3 1 3 0 2 5 6 7 8 4
0 30 3 0 1 3 2 5 6 7 8 4
0 28 3 1 3 0 4 5 6 7 2 8
0 28 3 0 1 3 4 5 6 7 2 8
0 31 3 1 3 2 4 5 6 6 8 0
0 30 3 1 0 2 4 3 6 7 8 5
0 31 2 1 2 0 4 3 6 7 8 5
0 34 1 1 2 3 4 0 6 7 8 5
0 35 2 1 2 3 4 6 0 7 8 5
0 35 2 1 2 3 0 4 6 7 8 5
0 35 2 1 2 3 4 8 6 7 0 5
0 35 2 1 0 3 4 2 6 7 8 5
0 36 2 1 2 3 4 6 5 7 8 0
0 36 2 1 2 3 4 8 6 7 5 0
0 39 2 1 2 3 4 0 5 7 8 6
0 40 1 1 2 3 4 5 0 7 8 6
