0 0 1 3 8 2 5 0 6 4 7 
5 1 1 3 8 2 0 5 6 4 7
8 1 1 3 8 2 4 5 6 0 7
7 1 1 3 8 2 4 5 0 6 7
4 1 1 3 8 0 4 5 2 6 7
6 2 1 3 8 5 4 0 2 6 7
3 1 1 3 0 5 4 8 2 6 7
5 3 1 3 4 5 0 8 2 6 7
2 1 1 0 4 5 3 8 2 6 7
3 1 1 4 0 5 3 8 2 6 7
6 1 1 4 8 5 3 0 2 6 7
9 1 1 4 8 5 3 7 2 6 0
5 3 1 4 8 5 0 7 2 6 3
4 1 1 4 8 0 5 7 2 6 3
7 1 1 4 8 2 5 7 0 6 3
9 2 1 4 8 2 5 7 3 6 0
6 1 1 4 8 2 5 0 3 6 7
3 1 1 4 0 2 5 8 3 6 7
2 1 1 0 4 2 5 8 3 6 7
5 1 1 5 4 2 0 8 3 6 7
6 1 1 5 4 2 8 0 3 6 7
9 1 1 5 4 2 8 7 3 6 0
5 3 1 5 4 2 0 7 3 6 8
2 1 1 0 4 2 5 7 3 6 8
3 1 1 4 0 2 5 7 3 6 8
6 1 1 4 7 2 5 0 3 6 8
9 1 1 4 7 2 5 8 3 6 0
34 0.03629589080810547