0 0 10 1 3 8 2 5 0 6 4 7
0 1 9 1 3 8 2 5 7 6 4 0
0 1 9 1 3 0 2 5 8 6 4 7
0 3 9 1 3 8 2 5 7 0 4 6
0 4 10 1 3 8 0 5 7 2 4 6
0 1 11 1 3 8 2 0 5 6 4 7
0 2 10 1 3 8 2 4 5 6 0 7
0 3 9 1 3 8 2 4 5 0 6 7
0 2 10 1 0 8 2 3 5 6 4 7
0 6 10 1 3 8 2 4 5 5 6 0
0 4 10 1 3 8 0 4 5 2 6 7
0 8 10 1 3 8 2 4 5 0 6 5
0 6 10 1 3 8 5 4 0 2 6 7
0 7 9 1 3 8 5 4 7 2 6 0
0 7 9 1 3 0 5 4 8 2 6 7
0 10 9 1 3 4 5 0 8 2 6 7
0 11 8 1 3 4 0 5 8 2 6 7
0 12 7 1 3 4 2 5 8 0 6 7
0 11 8 1 0 4 5 3 8 2 6 7
0 12 7 1 4 0 5 3 8 2 6 7
0 13 8 1 3 4 2 5 8 6 0 7
0 13 8 1 4 8 5 3 0 2 6 7
0 14 7 1 4 8 5 3 7 2 6 0
0 17 6 1 4 8 5 0 7 2 6 3
0 18 5 1 4 8 0 5 7 2 6 3
0 19 4 1 4 8 2 5 7 0 6 3
0 21 2 1 4 8 2 5 7 3 6 0
0 22 3 1 4 8 2 5 7 3 0 6
0 22 3 1 4 8 2 5 0 3 6 7
0 23 2 1 4 0 2 5 8 3 6 7
0 24 3 1 0 4 2 5 8 3 6 7
0 23 4 1 4 8 2 5 7 0 3 6
0 23 4 1 4 8 2 0 7 3 5 6
0 23 4 1 4 8 2 0 5 3 6 7
0 25 4 0 4 1 2 5 8 3 6 7
0 25 4 0 1 4 2 5 8 3 6 7
0 25 4 1 5 4 2 0 8 3 6 7
0 25 4 1 4 8 2 5 7 6 3 0
0 27 4 4 1 0 2 5 8 3 6 7
0 20 5 1 4 8 2 5 7 6 0 3
0 24 5 1 4 8 2 0 7 3 6 5
0 24 5 1 4 8 0 5 2 3 6 7
0 26 5 1 4 5 2 0 8 3 6 7
0 24 5 1 4 8 0 5 7 2 3 6
0 24 5 1 4 8 0 2 7 3 5 6
0 24 5 1 0 8 2 4 7 3 5 6
0 24 5 1 4 8 0 2 5 3 6 7
0 24 5 1 4 8 2 6 5 3 0 7
0 24 5 1 0 8 2 4 5 3 6 7
0 26 5 4 0 1 2 5 8 3 6 7
0 26 5 2 4 1 0 5 8 3 6 7
0 26 5 2 1 4 0 5 8 3 6 7
0 26 5 1 5 4 2 8 0 3 6 7
0 27 4 1 5 4 2 8 7 3 6 0
0 30 4 1 5 4 2 0 7 3 6 8
0 31 3 1 0 4 2 5 7 3 6 8
0 32 2 1 4 0 2 5 7 3 6 8
0 33 1 1 4 7 2 5 0 3 6 8
