0 0 10 3 0 1 4 2 6 5 7
0 3 7 3 2 1 4 0 6 5 7
0 5 8 3 2 1 4 6 0 5 7
0 6 7 3 2 1 4 6 5 0 7
0 7 6 3 2 1 4 6 5 7 0
0 9 7 3 2 1 4 0 5 7 6
0 11 6 3 2 1 4 5 0 7 6
0 10 7 0 2 1 4 6 5 7 3
0 8 7 3 2 1 0 6 5 7 4
0 10 6 0 2 1 3 6 5 7 4
0 13 6 5 2 1 3 6 0 7 4
0 14 5 5 2 1 3 0 6 7 4
0 15 4 0 2 1 3 5 6 7 4
0 17 5 2 0 1 3 5 6 7 4
0 18 4 2 1 0 3 5 6 7 4
0 19 3 2 1 3 0 5 6 7 4
0 20 2 2 1 3 4 5 6 7 0
0 21 3 2 1 3 4 5 6 0 7
0 21 4 0 1 3 2 5 6 7 4
0 23 3 1 0 3 2 5 6 7 4
0 22 4 2 1 3 4 5 0 6 7
0 22 4 2 1 0 4 5 6 3 7
0 24 4 1 3 0 2 5 6 7 4
0 25 3 1 3 2 0 5 6 7 4
0 26 2 1 3 2 4 5 6 7 0
0 27 3 1 3 2 4 5 6 0 7
0 24 4 1 6 3 2 5 0 7 4
0 28 4 1 3 2 4 5 0 6 7
0 19 5 2 1 7 3 5 6 0 4
0 22 5 2 1 3 4 0 6 7 5
0 23 5 2 1 0 4 5 6 7 3
0 23 5 0 1 3 4 5 6 7 2
0 25 4 1 0 3 4 5 6 7 2
0 24 5 4 1 3 0 5 6 7 4
0 26 2 0 1 3 4 5 6 7 4
0 28 1 1 0 3 4 5 6 7 4
0 29 2 1 3 0 4 5 6 7 4
0 29 2 1 6 3 4 5 0 7 4
0 27 3 5 1 3 4 0 6 7 4
0 30 3 1 3 4 0 5 6 7 4
0 31 2 1 3 4 4 5 6 7 0
0 30 3 1 3 7 4 5 6 0 4
0 30 3 1 6 3 4 5 7 0 4
0 30 3 1 6 3 4 0 5 7 4
0 30 3 5 0 3 4 1 6 7 4
0 32 3 1 3 4 4 5 6 0 7
0 33 3 1 0 3 4 6 5 7 4
0 25 4 4 1 3 4 5 6 7 0
0 31 4 1 5 3 4 0 6 7 4
0 29 4 5 1 3 4 6 0 7 4
0 31 4 1 3 7 4 5 0 6 4
0 31 4 1 6 0 4 5 7 3 4
0 31 4 0 6 3 4 1 5 7 4
0 31 4 5 3 0 4 1 6 7 4
0 31 4 5 6 3 4 1 0 7 4
0 33 4 1 3 4 4 5 0 6 7
0 34 4 1 3 0 4 6 5 7 4
0 34 4 0 1 3 4 6 5 7 4
0 22 5 5 1 3 2 0 6 7 4
0 23 5 2 1 3 4 0 5 6 7
0 23 5 2 1 4 0 5 6 3 7
0 23 5 2 0 1 4 5 6 3 7
0 24 4 0 2 1 4 5 6 3 7
0 25 5 1 3 7 2 5 6 0 4
0 28 5 1 3 2 4 0 6 7 5
0 29 5 1 3 0 4 5 6 7 2
0 28 5 1 3 0 4 5 6 2 7
0 29 4 1 0 3 4 5 6 2 7
0 25 5 1 6 3 2 5 7 0 4
0 25 5 1 6 3 2 0 5 7 4
0 29 5 1 3 2 4 0 5 6 7
0 25 5 2 0 3 4 1 6 7 5
0 26 4 0 2 3 4 1 6 7 5
0 27 3 1 2 3 4 0 6 7 5
0 29 4 1 2 3 4 6 0 7 5
0 26 5 1 6 3 4 5 0 7 2
0 29 5 6 1 3 4 5 0 7 4
0 33 5 1 3 4 4 0 6 7 5
0 31 5 1 3 7 4 5 6 4 0
0 31 5 1 6 3 4 5 7 4 0
0 31 5 0 5 3 4 1 6 7 4
0 33 5 1 3 0 4 5 6 4 7
0 34 4 1 0 3 4 5 6 4 7
0 34 5 1 5 3 4 6 0 7 4
0 26 5 4 1 3 4 5 6 0 7
0 30 5 5 1 3 4 6 7 0 4
0 32 5 1 3 7 4 0 5 6 4
0 32 5 1 6 4 0 5 7 3 4
0 33 4 1 6 4 4 5 7 3 0
0 32 5 5 3 4 0 1 6 7 4
0 33 4 5 3 4 4 1 6 7 0
0 32 5 5 3 7 4 1 6 0 4
0 32 5 5 6 3 4 1 7 0 4
0 34 5 1 3 4 4 0 5 6 7
0 35 5 1 3 4 0 6 5 7 4
0 36 4 1 3 4 4 6 5 7 0
0 35 5 1 3 7 4 6 5 0 4
0 25 5 5 0 3 2 1 6 7 4
0 26 5 2 0 3 4 1 5 6 7
0 27 4 0 2 3 4 1 5 6 7
0 28 3 1 2 3 4 0 5 6 7
0 30 2 1 2 3 4 5 0 6 7
0 31 1 1 2 3 4 5 6 0 7
