0 0 5 3 0 1 4 2 6 5 7
0 1 5 3 1 0 4 2 6 5 7
0 1 5 0 3 1 4 2 6 5 7
0 2 5 3 1 5 4 2 6 0 7
0 3 4 3 1 5 4 2 6 7 0
0 3 4 3 1 5 4 2 0 6 7
0 5 4 3 1 5 4 0 6 7 2
0 6 4 3 1 0 4 2 6 7 5
0 6 4 0 1 5 4 2 6 7 3
0 7 3 1 0 5 4 2 6 7 3
0 8 3 1 5 0 4 2 6 7 3
0 4 4 3 0 5 4 2 1 6 7
0 5 3 0 3 5 4 2 1 6 7
0 8 2 1 3 5 4 2 0 6 7
0 7 3 4 3 5 0 2 1 6 7
0 8 2 4 3 5 7 2 1 6 0
0 11 2 0 3 5 7 2 1 6 4
0 14 1 1 3 5 7 2 0 6 4
0 15 2 1 3 5 7 2 6 0 4
0 15 2 1 3 5 7 0 2 6 4
0 15 2 1 0 5 7 2 3 6 4
0 16 2 1 3 5 7 2 6 4 0
0 17 2 1 3 5 7 4 2 6 0
0 8 3 7 3 5 4 2 1 6 0
0 9 3 1 3 5 4 2 6 0 7
0 9 3 1 3 5 4 0 2 6 7
0 9 3 1 0 5 4 2 3 6 7
0 10 3 4 3 5 7 0 1 6 2
0 11 3 4 3 0 7 2 1 6 5
0 9 3 4 3 5 7 2 1 0 6
0 13 3 7 3 5 0 2 1 6 4
0 12 3 3 0 5 7 2 1 6 4
0 12 3 2 3 5 7 0 1 6 4
0 16 3 1 3 0 7 2 6 5 4
0 18 3 1 0 5 7 3 2 6 4
0 18 3 1 3 5 0 7 2 6 4
0 16 3 0 3 5 7 1 2 6 4
0 16 3 1 5 0 7 2 3 6 4
0 16 3 0 1 5 7 2 3 6 4
0 18 3 1 3 5 7 0 6 4 2
0 19 3 1 3 0 7 2 6 4 5
0 19 3 0 3 5 7 2 6 4 1
0 17 3 1 3 5 0 2 6 4 7
0 20 3 1 3 0 7 4 2 6 5
0 20 3 0 3 5 7 4 2 6 1
0 18 3 1 3 5 7 4 2 0 6
0 18 3 1 3 5 0 4 2 6 7
0 10 3 1 3 5 4 2 6 7 0
0 11 3 1 3 5 4 7 2 6 0
0 11 3 4 3 5 7 1 0 6 2
0 11 3 0 3 5 7 4 1 6 2
0 14 2 1 3 5 7 4 0 6 2
0 15 1 1 3 5 7 0 4 6 2
