0 0 5 6 7 8 12 1 2 3 4 14 9 10 11 0 13 
13 1 5 6 7 8 12 1 2 3 4 14 9 10 0 11 13
12 1 5 6 7 8 12 1 2 3 4 14 9 0 10 11 13
2 1 5 0 7 8 12 1 2 3 4 14 9 6 10 11 13
1 1 0 5 7 8 12 1 2 3 4 14 9 6 10 11 13
6 1 1 5 7 8 12 0 2 3 4 14 9 6 10 11 13
8 2 1 5 7 8 12 3 2 0 4 14 9 6 10 11 13
9 1 1 5 7 8 12 3 2 4 0 14 9 6 10 11 13
4 1 1 5 7 0 12 3 2 4 8 14 9 6 10 11 13
5 1 1 5 7 12 0 3 2 4 8 14 9 6 10 11 13
15 1 1 5 7 12 13 3 2 4 8 14 9 6 10 11 0
11 2 1 5 7 12 13 3 2 4 8 14 0 6 10 11 9
6 1 1 5 7 12 13 0 2 4 8 14 3 6 10 11 9
7 1 1 5 7 12 13 2 0 4 8 14 3 6 10 11 9
8 1 1 5 7 12 13 2 4 0 8 14 3 6 10 11 9
9 1 1 5 7 12 13 2 4 8 0 14 3 6 10 11 9
14 1 1 5 7 12 13 2 4 8 11 14 3 6 10 0 9
4 1 1 5 7 0 13 2 4 8 11 14 3 6 10 12 9
3 1 1 5 0 7 13 2 4 8 11 14 3 6 10 12 9
13 1 1 5 10 7 13 2 4 8 11 14 3 6 0 12 9
12 1 1 5 10 7 13 2 4 8 11 14 3 0 6 12 9
2 1 1 0 10 7 13 2 4 8 11 14 3 5 6 12 9
7 1 1 4 10 7 13 2 0 8 11 14 3 5 6 12 9
12 1 1 4 10 7 13 2 5 8 11 14 3 0 6 12 9
13 1 1 4 10 7 13 2 5 8 11 14 3 6 0 12 9
8 1 1 4 10 7 13 2 5 0 11 14 3 6 8 12 9
3 1 1 4 0 7 13 2 5 10 11 14 3 6 8 12 9
4 1 1 4 7 0 13 2 5 10 11 14 3 6 8 12 9
9 1 1 4 7 11 13 2 5 10 0 14 3 6 8 12 9
8 1 1 4 7 11 13 2 5 0 10 14 3 6 8 12 9
13 1 1 4 7 11 13 2 5 8 10 14 3 6 0 12 9
14 1 1 4 7 11 13 2 5 8 10 14 3 6 12 0 9
4 1 1 4 7 0 13 2 5 8 10 14 3 6 12 11 9
9 1 1 4 7 10 13 2 5 8 0 14 3 6 12 11 9
14 1 1 4 7 10 13 2 5 8 11 14 3 6 12 0 9
13 1 1 4 7 10 13 2 5 8 11 14 3 6 0 12 9
8 1 1 4 7 10 13 2 5 0 11 14 3 6 8 12 9
9 1 1 4 7 10 13 2 5 11 0 14 3 6 8 12 9
14 1 1 4 7 10 13 2 5 11 12 14 3 6 8 0 9
15 1 1 4 7 10 13 2 5 11 12 14 3 6 8 9 0
9 3 1 4 7 10 13 2 5 11 0 14 3 6 8 9 12
8 1 1 4 7 10 13 2 5 0 11 14 3 6 8 9 12
13 1 1 4 7 10 13 2 5 8 11 14 3 6 0 9 12
14 1 1 4 7 10 13 2 5 8 11 14 3 6 9 0 12
15 1 1 4 7 10 13 2 5 8 11 14 3 6 9 12 0
48 0.10389995574951172