0 0 35 5 6 7 8 12 1 2 3 4 14 9 10 11 0 13
0 1 33 5 6 7 8 12 1 2 3 4 14 9 10 0 11 13
0 2 31 5 6 7 8 12 1 2 3 4 14 9 0 10 11 13
0 3 29 5 0 7 8 12 1 2 3 4 14 9 6 10 11 13
0 4 27 0 5 7 8 12 1 2 3 4 14 9 6 10 11 13
0 5 26 1 5 7 8 12 0 2 3 4 14 9 6 10 11 13
0 7 23 1 5 7 8 12 3 2 0 4 14 9 6 10 11 13
0 8 22 1 5 7 8 12 3 2 4 0 14 9 6 10 11 13
0 9 20 1 5 7 0 12 3 2 4 8 14 9 6 10 11 13
0 10 18 1 5 7 12 0 3 2 4 8 14 9 6 10 11 13
0 11 16 1 5 7 12 13 3 2 4 8 14 9 6 10 11 0
0 13 16 1 5 7 12 13 3 2 4 8 14 0 6 10 11 9
0 14 15 1 5 7 12 13 0 2 4 8 14 3 6 10 11 9
0 15 14 1 5 7 12 13 2 0 4 8 14 3 6 10 11 9
0 16 12 1 5 7 12 13 2 4 0 8 14 3 6 10 11 9
0 17 11 1 5 7 12 13 2 4 8 0 14 3 6 10 11 9
0 18 10 1 5 7 12 13 2 4 8 11 14 3 6 10 0 9
0 19 8 1 5 7 12 13 2 4 8 11 14 3 6 0 10 9
0 19 8 1 5 7 0 13 2 4 8 11 14 3 6 10 12 9
0 19 9 1 5 7 12 13 2 4 8 11 14 3 6 10 9 0
0 20 9 1 5 7 12 13 2 4 8 11 14 3 0 6 10 9
0 20 9 1 5 7 12 13 2 4 0 11 14 3 6 8 10 9
0 20 9 1 5 7 13 0 2 4 8 11 14 3 6 10 12 9
0 20 9 1 5 0 7 13 2 4 8 11 14 3 6 10 12 9
0 21 6 1 5 10 7 13 2 4 8 11 14 3 6 0 12 9
0 22 7 1 5 10 7 13 2 4 8 11 14 3 6 12 0 9
0 23 6 1 5 10 7 13 2 4 8 11 14 3 6 12 9 0
0 22 7 1 5 10 7 13 2 4 8 11 14 3 0 6 12 9
0 22 7 1 5 10 7 13 2 4 0 11 14 3 6 8 12 9
0 24 7 1 5 10 7 13 2 4 8 11 0 3 6 12 9 14
0 23 7 1 0 10 7 13 2 4 8 11 14 3 5 6 12 9
0 24 6 1 4 10 7 13 2 0 8 11 14 3 5 6 12 9
0 25 5 1 4 10 7 13 2 5 8 11 14 3 0 6 12 9
0 26 4 1 4 10 7 13 2 5 8 11 14 3 6 0 12 9
0 27 5 1 4 10 7 13 2 5 8 11 14 3 6 12 0 9
0 28 4 1 4 10 7 13 2 5 8 11 14 3 6 12 9 0
0 27 5 1 4 10 7 13 2 5 0 11 14 3 6 8 12 9
0 29 5 1 4 10 7 13 2 5 8 11 0 3 6 12 9 14
0 26 6 1 4 10 7 13 2 5 8 11 14 0 3 6 12 9
0 28 6 1 4 10 7 13 2 5 8 0 14 3 6 12 11 9
0 29 6 1 4 10 7 0 2 5 8 11 14 3 6 12 9 13
0 28 6 1 4 10 7 13 2 5 11 0 14 3 6 8 12 9
0 28 6 1 4 10 7 13 2 0 5 11 14 3 6 8 12 9
0 30 6 1 4 10 7 13 2 5 8 0 11 3 6 12 9 14
0 30 6 1 4 10 7 0 2 5 8 11 13 3 6 12 9 14
0 28 6 1 4 10 7 13 2 5 8 11 14 6 3 0 12 9
0 31 6 1 4 10 7 14 2 5 8 11 13 3 6 12 9 0
0 25 7 1 4 10 7 13 2 8 0 11 14 3 5 6 12 9
0 25 7 1 4 10 7 13 0 2 8 11 14 3 5 6 12 9
0 26 7 1 0 10 7 13 2 5 8 11 14 3 4 6 12 9
0 27 7 1 4 0 7 13 2 5 8 11 14 3 6 10 12 9
0 28 6 1 4 7 0 13 2 5 8 11 14 3 6 10 12 9
0 31 7 1 4 10 7 13 2 5 8 0 14 3 6 12 9 11
0 28 7 1 4 0 7 13 2 5 10 11 14 3 6 8 12 9
0 29 6 1 4 7 0 13 2 5 10 11 14 3 6 8 12 9
0 27 7 1 4 10 7 13 0 5 8 11 14 2 3 6 12 9
0 29 7 1 4 10 7 13 2 5 8 14 0 3 6 12 11 9
0 29 7 1 4 10 7 13 2 5 0 8 14 3 6 12 11 9
0 30 7 1 4 10 0 7 2 5 8 11 14 3 6 12 9 13
0 31 6 1 4 0 10 7 2 5 8 11 14 3 6 12 9 13
0 30 7 1 4 10 7 14 2 5 8 11 0 3 6 12 9 13
0 29 7 1 4 10 7 13 2 5 11 14 0 3 6 8 12 9
0 29 7 1 4 10 7 13 2 5 11 12 14 3 6 8 0 9
0 30 6 1 4 10 7 13 2 5 11 12 14 3 6 8 9 0
0 33 6 1 4 10 7 13 2 5 11 0 14 3 6 8 9 12
0 34 5 1 4 10 7 13 2 5 0 11 14 3 6 8 9 12
0 35 4 1 4 10 7 13 2 5 8 11 14 3 6 0 9 12
0 36 3 1 4 10 7 13 2 5 8 11 14 3 6 9 0 12
0 37 2 1 4 10 7 13 2 5 8 11 14 3 6 9 12 0
0 38 3 1 4 10 7 13 2 5 8 11 0 3 6 9 12 14
0 37 4 1 4 10 7 13 2 5 8 0 14 3 6 9 11 12
0 38 4 1 4 10 7 0 2 5 8 11 14 3 6 9 12 13
0 39 4 1 4 10 7 13 2 5 8 0 11 3 6 9 12 14
0 39 4 1 4 10 7 0 2 5 8 11 13 3 6 9 12 14
0 40 4 1 4 10 7 14 2 5 8 11 13 3 6 9 12 0
0 36 5 1 4 10 7 13 2 5 8 11 14 3 0 6 9 12
0 40 5 1 4 10 7 13 2 5 8 0 14 3 6 9 12 11
0 38 5 1 4 10 7 13 2 5 8 14 0 3 6 9 11 12
0 38 5 1 4 10 7 13 2 5 0 8 14 3 6 9 11 12
0 39 5 1 4 10 0 7 2 5 8 11 14 3 6 9 12 13
0 40 4 1 4 0 10 7 2 5 8 11 14 3 6 9 12 13
0 39 5 1 4 10 7 14 2 5 8 11 0 3 6 9 12 13
0 40 5 1 4 10 7 13 2 5 0 8 11 3 6 9 12 14
0 40 5 1 4 10 7 13 2 5 8 12 11 3 6 9 0 14
0 40 5 1 4 10 0 7 2 5 8 11 13 3 6 9 12 14
0 41 4 1 4 0 10 7 2 5 8 11 13 3 6 9 12 14
0 41 5 1 4 10 7 14 2 5 8 11 13 3 6 9 0 12
0 41 5 1 0 4 10 7 2 5 8 11 14 3 6 9 12 13
0 41 5 1 4 8 10 7 2 5 0 11 14 3 6 9 12 13
0 42 5 1 0 4 10 7 2 5 8 11 13 3 6 9 12 14
0 42 5 1 4 8 10 7 2 5 0 11 13 3 6 9 12 14
0 35 6 1 4 10 7 13 2 0 5 11 14 3 6 8 9 12
0 37 6 1 4 10 0 13 2 5 8 11 14 3 6 9 7 12
0 38 5 1 4 0 10 13 2 5 8 11 14 3 6 9 7 12
0 39 6 1 4 10 7 13 2 5 8 11 14 0 6 9 12 3
0 38 6 1 4 10 0 13 2 5 8 7 14 3 6 9 11 12
0 39 5 1 4 0 10 13 2 5 8 7 14 3 6 9 11 12
0 40 6 1 4 10 0 13 2 5 8 7 11 3 6 9 12 14
0 41 5 1 4 0 10 13 2 5 8 7 11 3 6 9 12 14
0 37 6 1 4 10 7 13 2 5 8 11 14 0 3 6 9 12
0 37 6 1 4 10 7 13 2 0 8 11 14 3 5 6 9 12
0 41 6 1 4 10 7 13 2 5 8 14 0 3 6 9 12 11
0 42 4 1 4 10 7 13 2 5 8 14 11 3 6 9 12 0
0 43 5 1 4 10 7 13 2 5 8 14 11 3 6 9 0 12
0 41 6 1 4 10 7 13 2 5 0 8 14 3 6 9 12 11
0 41 6 1 4 10 7 13 2 5 8 12 14 3 6 9 0 11
0 42 4 1 4 10 7 13 2 5 8 12 14 3 6 9 11 0
0 43 5 1 4 10 7 13 2 5 8 12 0 3 6 9 11 14
0 39 6 1 4 10 7 0 2 5 8 14 13 3 6 9 11 12
0 39 6 1 4 10 7 13 2 0 5 8 14 3 6 9 11 12
0 39 6 1 4 10 7 13 2 5 9 8 14 3 6 0 11 12
0 40 6 1 4 10 11 7 2 5 8 0 14 3 6 9 12 13
0 41 6 1 4 9 10 7 2 5 8 11 14 3 6 0 12 13
0 40 6 1 4 10 7 14 2 5 8 0 11 3 6 9 12 13
0 41 6 1 4 10 7 13 2 0 5 8 11 3 6 9 12 14
0 41 6 1 4 10 7 13 2 5 9 8 11 3 6 0 12 14
0 41 6 1 4 10 7 13 2 5 8 12 11 3 6 0 9 14
0 41 6 1 4 10 11 7 2 5 8 0 13 3 6 9 12 14
0 42 6 1 4 9 10 7 2 5 8 11 13 3 6 0 12 14
0 42 6 1 4 10 7 14 2 5 8 11 13 3 6 0 9 12
0 42 6 1 4 10 7 14 2 5 8 0 13 3 6 9 11 12
0 42 6 0 1 4 10 7 2 5 8 11 14 3 6 9 12 13
0 42 6 1 5 4 10 7 2 0 8 11 14 3 6 9 12 13
0 42 6 1 4 8 10 7 2 5 11 0 14 3 6 9 12 13
0 42 6 1 4 8 10 7 2 0 5 11 14 3 6 9 12 13
0 42 6 1 4 8 10 7 2 5 9 11 14 3 6 0 12 13
0 43 6 0 1 4 10 7 2 5 8 11 13 3 6 9 12 14
0 43 6 1 5 4 10 7 2 0 8 11 13 3 6 9 12 14
0 43 6 1 4 8 10 7 2 5 11 0 13 3 6 9 12 14
0 43 6 1 4 8 10 7 2 0 5 11 13 3 6 9 12 14
0 43 6 1 4 8 10 7 2 5 9 11 13 3 6 0 12 14
0 39 6 1 0 4 10 13 2 5 8 11 14 3 6 9 7 12
0 39 6 1 4 8 10 13 2 5 0 11 14 3 6 9 7 12
0 39 6 1 4 10 11 13 2 5 8 7 14 3 6 9 0 12
0 40 5 1 4 10 11 13 2 5 8 7 14 3 6 9 12 0
0 40 6 1 0 4 10 13 2 5 8 7 14 3 6 9 11 12
0 40 6 1 4 8 10 13 2 5 0 7 14 3 6 9 11 12
0 41 4 1 4 8 10 13 2 5 7 0 14 3 6 9 11 12
0 42 3 1 4 8 10 13 2 5 7 11 14 3 6 9 0 12
0 43 2 1 4 8 10 13 2 5 7 11 14 3 6 9 12 0
0 44 3 1 4 8 10 13 2 5 7 11 0 3 6 9 12 14
0 43 4 1 4 8 10 13 2 5 7 11 14 3 6 0 9 12
0 44 4 1 4 8 10 0 2 5 7 11 14 3 6 9 12 13
0 45 4 1 4 8 10 13 2 5 7 0 11 3 6 9 12 14
0 45 4 1 4 8 10 0 2 5 7 11 13 3 6 9 12 14
0 44 4 1 4 0 10 13 2 5 7 11 14 3 6 8 9 12
0 45 3 1 4 7 10 13 2 5 0 11 14 3 6 8 9 12
0 46 2 1 4 7 10 13 2 5 8 11 14 3 6 0 9 12
0 47 1 1 4 7 10 13 2 5 8 11 14 3 6 9 0 12
