0 0 5 6 3 4 7 1 2 5 0
0 2 5 6 3 4 7 0 2 5 1
0 4 4 6 3 4 7 2 0 5 1
0 5 4 6 3 4 7 2 5 0 1
0 6 4 6 3 4 7 2 5 1 0
0 6 4 6 3 0 7 2 5 4 1
0 9 4 6 3 0 7 2 5 1 4
0 9 4 0 3 4 7 2 5 1 6
0 10 4 6 3 1 7 2 5 0 4
0 12 4 5 3 4 7 2 0 1 6
0 11 4 6 3 1 7 2 5 4 0
0 11 4 6 3 1 7 2 0 5 4
0 13 4 5 3 4 7 2 1 0 6
0 14 3 5 3 4 7 2 1 6 0
0 17 3 5 3 0 7 2 1 6 4
0 17 3 0 3 4 7 2 1 6 5
0 20 2 1 3 4 7 2 0 6 5
0 21 3 1 3 4 7 2 6 0 5
0 21 3 1 3 4 7 0 2 6 5
0 21 3 1 0 4 7 2 3 6 5
0 22 3 1 3 4 7 2 6 5 0
0 22 3 1 3 0 7 2 6 4 5
0 24 3 1 3 4 7 7 2 6 0
0 22 3 1 4 0 7 2 3 6 5
0 25 3 1 3 0 7 2 6 5 4
0 26 2 1 3 5 7 2 6 0 4
0 27 1 1 3 5 7 2 0 6 4
0 27 2 1 3 5 7 2 6 4 0
0 28 2 1 3 5 7 0 2 6 4
0 28 2 1 0 5 7 2 3 6 4
0 31 2 1 3 5 7 7 2 6 0
0 33 2 1 3 5 7 0 2 6 7
0 35 1 1 3 5 7 2 0 6 7
0 36 2 1 3 5 7 2 6 0 7
0 36 2 1 0 5 7 2 3 6 7
0 37 2 1 3 5 7 2 6 7 0
0 26 3 1 3 4 7 0 2 6 7
0 28 2 1 3 4 7 2 0 6 7
0 27 3 1 3 0 7 7 2 6 4
0 29 3 1 3 5 7 0 6 4 2
0 30 3 0 3 5 7 2 6 4 1
0 28 3 1 3 5 0 2 6 4 7
0 31 3 1 0 5 7 3 2 6 4
0 29 3 0 3 5 7 1 2 6 4
0 31 3 1 2 5 7 0 3 6 4
0 29 3 1 5 0 7 2 3 6 4
0 29 3 0 1 5 7 2 3 6 4
0 34 3 1 3 0 7 7 2 6 5
0 34 3 0 3 5 7 7 2 6 1
0 32 3 1 3 5 7 7 2 0 6
0 32 3 1 3 5 0 7 2 6 7
0 36 3 1 0 5 7 3 2 6 7
0 34 3 0 3 5 7 1 2 6 7
0 37 3 1 3 0 7 2 6 5 7
0 39 3 1 2 5 7 0 3 6 7
0 37 3 1 5 0 7 2 3 6 7
0 37 3 0 1 5 7 2 3 6 7
0 39 3 1 3 5 7 0 6 7 2
0 40 3 1 3 0 7 2 6 7 5
0 40 3 0 3 5 7 2 6 7 1
0 38 3 1 3 5 0 2 6 7 7
0 29 3 1 3 4 7 2 6 0 7
0 29 3 1 0 4 7 2 3 6 7
0 31 3 1 3 5 7 6 0 4 2
0 32 2 1 3 5 7 6 4 0 2
0 33 2 1 3 5 7 6 4 2 0
0 35 2 1 3 5 7 0 4 2 6
0 38 2 1 3 5 7 7 4 2 0
0 40 2 1 3 5 7 0 4 2 7
0 39 2 1 3 5 7 7 4 0 2
0 32 3 1 3 5 7 7 6 4 0
0 33 3 1 3 5 0 2 6 4 1
0 33 3 6 3 5 7 2 0 4 1
0 34 2 6 3 5 7 2 4 0 1
0 35 2 6 3 5 7 2 4 1 0
0 38 2 0 3 5 7 2 4 1 6
0 32 3 1 2 5 7 3 0 6 4
0 32 3 2 3 5 7 1 0 6 4
0 34 3 1 2 5 7 7 3 6 0
0 32 3 3 1 5 7 2 0 6 4
0 37 3 1 3 5 0 7 2 6 1
0 37 3 2 3 5 7 7 0 6 1
0 35 3 7 3 5 7 0 2 6 1
0 37 2 7 3 5 7 2 0 6 1
0 33 3 1 3 5 7 7 0 2 6
0 37 3 1 2 5 7 3 0 6 7
0 37 3 2 3 5 7 1 0 6 7
0 40 3 3 1 5 7 2 0 6 7
0 41 3 1 3 5 7 6 0 7 2
0 42 3 1 3 5 7 7 6 7 0
0 41 3 1 0 3 7 2 6 7 5
0 44 2 1 2 3 7 0 6 7 5
0 47 2 1 2 3 7 7 6 7 0
0 49 2 1 2 3 7 0 6 7 7
0 48 2 1 2 3 0 7 6 7 7
0 41 3 1 3 7 7 2 6 0 5
0 42 2 1 3 7 7 2 0 6 5
0 43 3 1 3 5 0 2 6 7 1
0 43 3 6 3 5 7 2 0 7 1
0 30 3 1 3 4 7 2 6 7 0
0 30 3 1 3 0 7 2 6 4 7
0 30 3 1 4 0 7 2 3 6 7
0 33 3 1 3 0 7 6 4 5 2
0 36 3 1 3 0 7 6 4 2 5
0 36 3 0 3 5 7 6 4 2 1
0 34 3 1 3 5 0 6 4 2 7
0 37 3 1 3 5 7 4 0 2 6
0 38 3 1 0 5 7 3 4 2 6
0 36 3 0 3 5 7 1 4 2 6
0 41 3 1 3 0 7 7 4 2 5
0 41 3 0 3 5 7 7 4 2 1
0 39 3 1 3 5 0 7 4 2 7
0 42 3 1 3 5 7 4 0 2 7
0 43 3 1 0 5 7 3 4 2 7
0 41 3 0 3 5 7 1 4 2 7
0 40 3 1 3 5 7 7 0 4 2
0 40 3 1 3 0 7 7 4 5 2
0 34 3 1 3 5 7 0 6 4 7
0 33 3 1 3 5 7 7 6 0 4
0 34 2 1 3 5 7 7 0 6 4
0 35 2 1 3 5 7 0 7 6 4
0 38 2 1 3 5 7 7 7 6 0
0 40 2 1 3 5 7 0 7 6 7
0 42 2 1 3 5 7 7 0 6 7
0 34 3 1 3 5 1 2 6 4 0
0 35 3 6 3 0 7 2 4 5 1
0 37 3 6 3 5 7 0 4 1 2
0 38 3 6 3 0 7 2 4 1 5
0 36 3 6 3 5 0 2 4 1 7
0 40 3 3 0 5 7 2 4 1 6
0 41 3 6 3 5 0 2 4 1 6
0 41 3 4 3 5 7 2 0 1 6
0 39 3 2 3 5 7 0 4 1 6
0 33 3 2 3 5 7 0 1 6 4
0 34 2 0 3 5 7 2 1 6 4
0 33 3 3 0 5 7 2 1 6 4
0 38 3 1 3 5 1 7 2 6 0
0 38 3 2 3 5 7 0 7 6 1
0 39 2 0 3 5 7 2 7 6 1
0 42 2 1 3 5 0 2 7 6 1
0 43 2 1 3 5 1 2 7 6 0
0 38 3 7 3 5 7 7 2 6 0
0 38 3 7 3 5 7 2 6 0 1
0 38 3 7 0 5 7 2 3 6 1
0 34 3 1 3 5 7 0 7 2 6
0 38 3 2 3 5 7 0 1 6 7
0 39 2 0 3 5 7 2 1 6 7
0 41 3 3 0 5 7 2 1 6 7
0 42 3 1 3 5 7 6 7 0 2
0 44 3 1 3 5 7 0 6 7 7
0 43 3 1 3 5 7 7 6 0 7
0 46 3 1 2 3 7 6 0 7 5
0 45 3 0 2 3 7 1 6 7 5
0 50 3 1 2 0 7 7 6 7 3
0 50 3 0 2 3 7 7 6 7 1
0 53 2 1 2 3 0 7 6 7 1
0 54 2 1 2 3 1 7 6 7 0
0 56 2 1 2 3 1 0 6 7 7
0 59 2 1 2 3 1 1 6 7 0
0 61 2 1 2 3 1 0 6 7 1
0 60 2 1 2 3 0 1 6 7 1
0 48 3 1 2 3 7 7 6 0 7
0 51 3 1 2 3 7 6 0 7 7
0 52 3 1 0 3 7 2 6 7 7
0 50 3 0 2 3 7 1 6 7 7
0 50 3 0 2 3 1 7 6 7 7
0 49 3 1 2 0 3 7 6 7 7
0 42 3 1 3 7 7 2 6 5 0
0 43 3 1 3 7 7 0 2 6 5
0 43 3 1 0 7 7 2 3 6 5
0 44 3 1 3 5 1 2 6 7 0
0 44 3 6 3 5 7 2 7 0 1
0 33 3 1 3 0 7 2 6 7 4
0 37 3 1 3 2 7 6 4 0 5
0 39 3 1 3 5 0 6 4 2 1
0 37 3 6 3 5 7 0 4 2 1
0 38 3 1 3 5 7 4 2 0 6
0 39 2 1 3 5 7 4 2 6 0
0 42 3 1 3 2 7 7 4 0 5
0 44 3 1 3 5 0 7 4 2 1
0 42 3 7 3 5 7 0 4 2 1
0 43 3 1 3 5 7 4 2 0 7
0 41 3 1 3 5 7 0 7 4 2
0 36 3 1 3 5 7 6 0 4 7
0 37 2 1 3 5 7 6 4 0 7
0 38 2 1 3 5 7 6 4 7 0
0 40 2 1 3 5 7 0 4 7 6
0 43 2 1 3 5 7 7 4 7 0
0 45 2 1 3 5 7 0 4 7 7
0 44 2 1 3 5 7 7 4 0 7
0 35 3 1 0 5 7 7 3 6 4
0 38 3 1 0 5 7 3 7 6 4
0 36 3 0 3 5 7 1 7 6 4
0 41 3 1 3 0 7 7 7 6 5
0 41 3 0 3 5 7 7 7 6 1
0 39 3 1 3 5 7 7 7 0 6
0 39 3 1 3 5 0 7 7 6 7
0 43 3 1 0 5 7 3 7 6 7
0 41 3 0 3 5 7 1 7 6 7
0 43 3 1 0 5 7 7 3 6 7
0 35 3 1 3 5 1 2 6 0 4
0 36 2 1 3 5 1 2 0 6 4
0 40 3 6 3 5 7 7 4 1 0
0 38 3 0 3 5 7 6 4 1 2
0 39 3 6 3 1 7 2 4 0 5
0 38 3 0 3 5 6 2 4 1 7
0 43 3 0 3 5 6 2 4 1 6
0 42 3 6 3 5 6 2 4 1 0
0 42 3 4 3 5 7 2 1 0 6
0 43 2 4 3 5 7 2 1 6 0
0 42 3 2 3 5 7 7 4 1 0
0 36 3 2 3 5 7 7 1 6 0
0 37 3 4 3 5 0 2 1 6 4
0 40 3 1 3 5 1 0 2 6 7
0 42 2 1 3 5 1 2 0 6 7
0 41 3 2 3 5 7 7 7 6 0
0 41 3 3 0 5 7 2 7 6 1
0 44 3 0 3 5 1 2 7 6 1
0 43 3 1 3 0 5 2 7 6 1
0 45 3 1 3 5 1 0 7 6 2
0 46 3 1 3 0 1 2 7 6 5
0 44 3 1 3 5 1 2 7 0 6
0 40 3 7 3 5 7 0 2 6 7
0 42 2 7 3 5 7 2 0 6 7
0 41 3 0 3 5 7 7 2 6 7
0 39 3 7 3 5 7 2 6 1 0
0 39 3 0 7 5 7 2 3 6 1
0 37 3 1 3 5 7 7 7 2 0
0 42 3 7 3 5 0 2 1 6 7
0 43 2 7 3 5 7 2 1 6 0
0 43 3 1 3 5 7 6 7 2 0
0 46 3 1 3 5 7 6 0 7 7
0 48 3 5 2 3 0 1 6 7 5
0 51 3 1 2 7 0 7 6 7 3
0 51 3 7 2 3 7 0 6 7 1
0 55 3 0 2 3 1 7 6 7 1
0 54 3 1 2 0 3 7 6 7 1
0 57 3 1 2 0 1 7 6 7 3
0 55 3 1 2 3 1 7 6 0 7
0 58 3 1 2 3 1 6 0 7 7
0 59 3 1 0 3 1 2 6 7 7
0 57 3 0 2 3 1 1 6 7 7
0 62 3 1 2 0 1 1 6 7 3
0 62 3 0 2 3 1 1 6 7 1
0 60 3 1 2 3 1 1 6 0 7
0 63 3 1 2 3 1 6 0 7 1
0 64 3 1 0 3 1 2 6 7 1
0 61 3 1 2 0 3 1 6 7 1
0 53 3 1 3 0 7 2 6 7 7
0 53 3 7 2 3 0 1 6 7 7
0 53 3 7 2 3 0 7 6 7 7
0 51 3 7 2 3 1 0 6 7 7
0 46 3 1 3 7 7 7 2 6 0
0 44 3 1 7 0 7 2 3 6 5
0 45 3 1 3 5 1 2 6 0 7
0 45 3 6 3 5 7 2 7 1 0
0 34 3 1 0 3 7 2 6 7 4
0 37 2 1 2 3 7 0 6 7 4
0 34 3 1 3 7 7 2 6 0 4
0 35 2 1 3 7 7 2 0 6 4
0 38 3 1 3 2 7 6 4 5 0
0 40 3 1 3 5 1 6 4 2 0
0 40 3 6 3 5 7 7 4 2 0
0 42 3 1 3 0 7 4 2 6 5
0 42 3 0 3 5 7 4 2 6 1
0 40 3 1 3 5 0 4 2 6 7
0 43 3 1 3 2 7 7 4 5 0
0 45 3 1 3 5 1 7 4 2 0
0 45 3 7 3 5 7 7 4 2 0
0 44 3 1 3 5 7 4 2 7 0
0 44 3 1 3 5 7 7 7 4 0
0 38 3 1 3 0 7 6 4 5 7
0 41 3 1 3 0 7 6 4 7 5
0 41 3 0 3 5 7 6 4 7 1
0 39 3 1 3 5 0 6 4 7 7
0 42 3 1 3 5 7 4 0 7 6
0 43 3 1 0 5 7 3 4 7 6
0 41 3 0 3 5 7 1 4 7 6
0 46 3 1 3 0 7 7 4 7 5
0 46 3 0 3 5 7 7 4 7 1
0 44 3 1 3 5 0 7 4 7 7
0 47 3 1 3 5 7 4 0 7 7
0 48 3 1 0 5 7 3 4 7 7
0 46 3 0 3 5 7 1 4 7 7
0 45 3 1 3 5 7 7 0 4 7
0 45 3 1 3 0 7 7 4 5 7
0 38 3 1 7 5 7 0 3 6 4
0 39 3 1 7 5 7 3 0 6 4
0 39 3 7 3 5 7 1 0 6 4
0 44 3 1 3 5 0 7 7 6 1
0 44 3 7 3 5 7 7 0 6 1
0 42 3 7 3 5 7 0 7 6 1
0 40 3 1 3 5 7 7 0 7 6
0 44 3 1 7 5 7 3 0 6 7
0 44 3 7 3 5 7 1 0 6 7
0 46 3 1 7 5 7 0 3 6 7
0 37 3 1 3 5 1 0 2 6 4
0 37 3 1 0 5 1 2 3 6 4
0 42 3 6 3 5 7 0 4 1 7
0 43 3 0 3 5 7 7 4 1 6
0 41 3 6 3 5 7 7 4 0 1
0 40 3 6 3 1 7 2 4 5 0
0 41 3 7 3 5 0 2 4 1 7
0 43 2 0 3 5 7 2 4 1 7
0 42 2 7 3 5 7 2 4 1 0
0 43 2 7 3 5 7 2 4 0 1
0 43 3 6 3 5 6 2 4 0 1
0 45 3 4 3 5 7 0 1 6 2
0 46 3 4 3 0 7 2 1 6 5
0 44 3 4 3 5 0 2 1 6 7
0 44 3 2 3 5 7 0 4 1 7
0 45 3 0 3 5 7 7 4 1 2
0 43 3 2 3 5 7 7 4 0 1
0 39 3 0 3 5 7 7 1 6 2
0 42 2 1 3 5 7 7 0 6 2
0 43 2 1 3 5 7 0 7 6 2
0 39 3 0 3 5 4 2 1 6 4
0 42 2 1 3 5 4 2 0 6 4
0 38 3 4 3 5 4 2 1 6 0
0 43 3 1 3 5 1 1 2 6 0
0 43 3 1 0 5 1 2 3 6 7
0 43 3 2 3 5 7 0 7 6 7
0 44 2 0 3 5 7 2 7 6 7
0 44 3 0 3 5 7 7 7 6 2
0 42 3 3 7 5 7 2 0 6 1
0 47 3 7 3 5 1 2 0 6 1
0 47 3 1 3 5 1 7 0 6 2
0 48 3 1 3 5 1 1 7 6 0
0 47 3 1 3 1 0 2 7 6 5
0 45 3 1 3 5 1 2 0 7 6
0 43 3 7 3 5 7 2 6 0 7
0 43 3 7 0 5 7 2 3 6 7
0 44 3 2 3 5 7 7 0 6 7
0 42 3 0 3 5 7 2 6 1 7
0 42 3 1 7 5 0 2 3 6 1
0 39 3 1 3 5 7 0 7 2 7
0 38 3 1 3 5 7 7 7 0 2
0 45 3 7 3 5 7 0 1 6 2
0 46 3 7 3 0 7 2 1 6 5
0 44 3 7 3 5 7 2 1 0 6
0 47 3 1 3 5 7 6 7 0 7
0 50 3 0 2 3 5 1 6 7 5
0 51 2 1 2 3 5 0 6 7 5
0 54 1 1 2 3 5 5 6 7 0
0 55 1 1 2 3 0 5 6 7 5
0 57 2 1 2 0 5 5 6 7 3
0 57 2 0 2 3 5 5 6 7 1
0 60 1 1 2 3 0 5 6 7 1
0 61 1 1 2 3 1 5 6 7 0
0 55 2 1 2 3 5 5 6 0 7
0 57 2 0 2 3 1 5 6 7 5
0 56 2 1 2 0 3 5 6 7 5
0 58 2 1 2 5 0 5 6 7 3
0 62 2 0 2 3 1 5 6 7 1
0 61 2 1 2 0 3 5 6 7 1
0 63 2 1 2 3 1 0 6 7 5
0 64 2 1 2 0 1 5 6 7 3
0 62 2 1 2 3 1 5 6 0 7
0 60 2 5 2 3 0 5 6 7 5
0 59 2 1 2 5 3 5 6 7 0
0 65 2 1 2 1 0 5 6 7 3
0 62 2 0 2 3 5 5 6 7 5
0 61 2 5 2 3 5 5 6 7 0
0 66 2 1 2 1 3 5 6 7 0
0 49 3 5 2 3 5 1 6 7 0
0 52 3 1 2 7 3 7 6 7 0
0 54 3 7 2 3 7 7 6 7 0
0 56 3 7 2 3 1 0 6 7 1
0 58 3 1 2 1 0 7 6 7 3
0 63 3 1 2 1 0 1 6 7 3
0 54 3 1 3 7 7 2 6 0 7
0 55 2 1 3 7 7 2 0 6 7
0 54 3 7 2 3 7 1 6 7 0
0 55 3 0 2 3 7 7 6 7 7
0 54 3 7 2 3 1 1 6 7 0
0 48 3 1 3 7 7 0 2 6 7
0 49 3 1 3 0 7 7 2 6 7
0 48 3 0 3 5 7 2 7 1 6
0 39 3 1 2 3 7 6 0 7 4
0 38 3 0 2 3 7 1 6 7 4
0 35 3 1 3 7 7 2 6 4 0
0 36 3 1 3 7 7 0 2 6 4
0 36 3 1 0 7 7 2 3 6 4
0 40 3 1 3 2 7 0 4 5 6
0 42 3 1 3 5 1 0 4 2 6
0 41 3 1 3 5 1 6 4 0 2
0 42 3 6 3 5 7 0 4 2 7
0 43 3 0 3 5 7 7 4 2 6
0 41 3 6 3 5 7 7 4 0 2
0 45 3 1 3 5 0 4 2 6 1
0 45 3 2 3 5 7 4 0 6 1
0 46 2 2 3 5 7 0 4 6 1
0 47 1 0 3 5 7 2 4 6 1
0 50 1 1 3 5 0 2 4 6 1
0 51 1 1 3 5 1 2 4 6 0
0 49 2 2 3 5 7 7 4 6 0
0 49 2 3 0 5 7 2 4 6 1
0 50 2 4 3 5 7 2 0 6 1
0 52 2 0 3 5 1 2 4 6 1
0 51 2 1 3 0 5 2 4 6 1
0 53 2 1 3 5 1 0 4 6 2
0 54 2 1 3 0 1 2 4 6 5
0 52 2 1 3 5 1 2 4 0 6
0 51 2 2 3 5 7 0 4 6 7
0 52 1 0 3 5 7 2 4 6 7
0 52 2 0 3 5 7 7 4 6 2
0 56 2 1 3 5 1 1 4 6 0
0 55 2 1 3 1 0 2 4 6 5
0 54 2 3 0 5 7 2 4 6 7
0 55 2 7 3 5 0 2 4 6 7
0 56 1 7 3 5 7 2 4 6 0
0 55 2 4 3 5 7 2 0 6 7
0 53 2 7 3 5 7 0 4 6 2
0 58 2 1 3 5 1 0 4 6 1
0 57 2 1 3 5 0 1 4 6 1
0 56 2 1 3 1 5 2 4 6 0
0 59 2 7 3 0 7 2 4 6 5
0 57 2 7 3 5 7 2 4 0 6
0 56 2 7 3 5 7 7 4 6 0
0 58 2 7 3 5 7 0 4 6 7
0 59 2 0 3 5 7 7 4 6 7
0 43 3 4 3 5 7 0 2 6 1
0 45 3 1 3 2 7 0 4 5 7
0 47 3 1 3 5 1 0 4 2 7
0 46 3 1 3 5 1 7 4 0 2
0 47 3 7 3 5 7 0 4 2 7
0 48 3 0 3 5 7 7 4 2 7
0 46 3 7 3 5 7 7 4 0 2
0 46 3 1 3 5 7 0 2 7 4
0 48 2 1 3 5 7 2 0 7 4
0 49 2 1 3 5 7 2 7 0 4
0 50 2 1 3 5 7 2 7 4 0
0 46 3 1 3 5 7 0 7 4 7
0 45 3 1 3 5 7 7 7 0 4
0 42 3 1 3 7 7 6 4 0 5
0 44 3 1 3 5 0 6 4 7 1
0 42 3 6 3 5 7 0 4 7 1
0 43 3 1 3 5 7 4 7 0 6
0 44 2 1 3 5 7 4 7 6 0
0 47 3 1 3 7 7 7 4 0 5
0 49 3 1 3 5 0 7 4 7 1
0 47 3 7 3 5 7 0 4 7 1
0 48 3 1 3 5 7 4 7 0 7
0 41 3 1 7 5 7 7 3 6 0
0 40 3 7 3 5 7 0 1 6 4
0 45 3 1 3 5 1 7 7 6 0
0 45 3 7 3 5 7 7 7 6 0
0 41 3 1 3 5 7 0 7 7 6
0 45 3 7 3 5 7 0 1 6 7
0 43 3 0 3 5 7 6 4 1 7
0 44 3 7 3 5 7 0 4 1 6
0 43 3 0 3 1 7 2 4 5 6
0 45 3 3 0 5 7 2 4 1 7
0 46 3 4 3 5 7 2 0 1 7
0 44 3 7 3 5 7 0 4 1 2
0 45 3 7 3 0 7 2 4 1 5
0 44 3 7 3 5 7 2 0 4 1
0 44 3 7 3 0 7 2 4 5 1
0 47 3 4 3 5 7 1 0 6 2
0 48 3 4 3 5 7 7 1 6 0
0 46 3 0 3 5 7 4 1 6 2
0 49 2 1 3 5 7 4 0 6 2
0 50 1 1 3 5 7 0 4 6 2
0 53 1 1 3 5 7 7 4 6 0
0 55 1 1 3 5 7 0 4 6 7
0 53 2 1 0 5 7 3 4 6 2
0 51 2 0 3 5 7 1 4 6 2
0 56 2 1 3 0 7 7 4 6 5
0 56 2 0 3 5 7 7 4 6 1
0 54 2 1 3 5 7 7 4 0 6
0 54 2 1 3 5 0 7 4 6 7
0 57 2 1 3 5 7 4 0 6 7
0 58 2 1 0 5 7 3 4 6 7
0 56 2 0 3 5 7 1 4 6 7
0 59 2 1 3 5 0 7 4 6 1
0 57 2 7 3 5 7 0 4 6 1
0 60 2 1 3 5 1 7 4 6 0
0 62 2 1 3 5 1 0 4 6 7
0 46 3 0 3 5 4 2 1 6 7
0 49 2 1 3 5 4 2 0 6 7
0 43 3 1 3 5 7 7 6 0 2
0 43 3 1 0 5 7 7 3 6 2
0 46 3 1 0 5 7 3 7 6 2
0 44 3 0 3 5 7 1 7 6 2
0 43 3 1 3 5 4 2 6 0 4
0 43 3 1 3 5 4 0 2 6 4
0 43 3 1 0 5 4 2 3 6 4
0 45 3 1 3 5 1 0 2 6 1
0 47 2 1 3 5 1 2 0 6 1
0 44 3 1 3 5 0 1 2 6 1
0 46 3 3 0 5 7 2 7 6 7
0 47 3 7 3 5 0 2 7 6 7
0 48 2 7 3 5 7 2 7 6 0
0 47 3 7 3 5 7 7 0 6 2
0 45 3 7 3 5 7 0 7 6 2
0 50 3 1 3 5 1 0 7 6 1
0 49 3 1 3 5 0 1 7 6 1
0 48 3 1 3 1 5 2 7 6 0
0 44 3 7 3 5 7 2 6 7 0
0 44 3 0 7 5 7 2 3 6 7
0 45 3 6 3 5 7 2 0 1 7
0 43 3 1 7 5 1 2 3 6 0
0 41 3 1 3 5 7 7 0 2 7
0 39 3 1 3 5 7 7 0 7 2
0 47 3 7 3 5 7 1 0 6 2
0 48 3 7 3 5 7 7 1 6 0
0 45 3 7 3 5 7 2 0 1 6
0 48 3 1 3 5 7 6 7 7 0
0 53 3 1 2 3 5 6 0 7 5
0 54 3 1 0 3 5 2 6 7 5
0 58 3 1 0 2 5 5 6 7 3
0 58 3 1 2 7 5 5 6 0 3
0 59 3 2 0 3 5 5 6 7 1
0 60 3 6 2 3 5 5 0 7 1
0 58 3 5 2 3 5 0 6 7 1
0 56 3 1 2 3 5 5 0 6 7
0 56 3 1 2 0 5 5 6 3 7
0 59 3 2 0 3 1 5 6 7 5
0 60 3 6 2 3 1 5 0 7 5
0 58 3 5 2 3 1 0 6 7 5
0 57 3 1 0 2 3 5 6 7 5
0 57 3 1 2 7 3 5 6 0 5
0 60 3 0 2 5 1 5 6 7 3
0 64 3 2 0 3 1 5 6 7 1
0 65 3 6 2 3 1 5 0 7 1
0 63 3 5 2 3 1 0 6 7 1
0 62 3 1 0 2 3 5 6 7 1
0 62 3 1 2 7 3 5 6 0 1
0 65 3 1 2 3 1 6 0 7 5
0 66 3 1 0 3 1 2 6 7 5
0 64 3 0 2 3 1 1 6 7 5
0 65 3 1 0 2 1 5 6 7 3
0 65 3 1 2 7 1 5 6 0 3
0 63 3 1 2 3 1 5 0 6 7
0 63 3 1 2 0 1 5 6 3 7
0 61 3 5 2 0 3 5 6 7 5
0 61 3 1 2 5 3 0 6 7 5
0 62 3 0 2 5 3 5 6 7 1
0 65 2 1 2 5 0 5 6 7 1
0 66 2 1 2 0 5 5 6 7 1
0 66 2 1 2 5 1 5 6 7 0
0 69 2 1 2 0 1 5 6 7 5
0 70 2 1 2 1 0 5 6 7 5
0 71 2 1 2 1 5 5 6 7 0
0 60 3 1 2 5 3 5 6 0 7
0 67 3 0 2 1 1 5 6 7 3
0 64 3 2 0 3 5 5 6 7 5
0 65 3 6 2 3 5 5 0 7 5
0 63 3 5 2 3 5 0 6 7 5
0 64 3 5 2 0 5 5 6 7 3
0 62 3 5 2 3 5 5 6 0 7
0 68 3 1 2 1 3 0 6 7 5
0 69 3 0 2 1 3 5 6 7 1
0 72 2 1 2 1 0 5 6 7 1
0 73 2 1 2 0 1 5 6 7 1
0 73 2 1 2 1 1 5 6 7 0
0 67 3 1 2 1 3 5 6 0 7
0 54 3 1 2 7 3 0 6 7 7
0 56 3 7 2 3 7 0 6 7 7
0 59 3 1 2 1 3 7 6 7 0
0 64 3 1 2 1 3 1 6 7 0
0 55 3 1 3 7 7 2 6 7 0
0 56 3 1 0 7 7 2 3 6 7
0 55 3 7 2 3 0 1 6 7 1
0 41 3 4 2 3 0 1 6 7 4
0 43 2 0 2 3 4 1 6 7 4
0 44 1 1 2 3 4 0 6 7 4
0 47 1 1 2 3 4 4 6 7 0
0 42 2 4 2 3 4 1 6 7 0
0 46 2 1 2 3 4 6 0 7 4
0 47 2 1 0 3 4 2 6 7 4
0 50 2 1 2 0 4 4 6 7 3
0 50 2 0 2 3 4 4 6 7 1
0 48 2 1 2 3 4 4 6 0 7
0 48 2 1 2 3 0 4 6 7 4
0 44 2 4 2 3 4 0 6 7 1
0 53 2 1 2 3 0 4 6 7 1
0 47 2 4 2 3 4 4 6 7 0
0 54 2 1 2 3 1 4 6 7 0
0 49 2 4 2 3 4 0 6 7 4
0 50 2 0 2 3 4 4 6 7 4
0 56 2 1 2 3 1 0 6 7 4
0 37 3 1 7 0 7 2 3 6 4
0 45 3 1 3 5 1 1 4 2 0
0 43 3 0 3 5 7 6 4 2 7
0 44 3 7 3 5 7 0 4 2 6
0 46 3 1 3 5 1 4 2 6 0
0 49 3 2 0 5 7 3 4 6 1
0 52 3 2 3 0 7 7 4 6 5
0 50 3 2 3 5 7 7 4 0 6
0 50 3 2 3 5 0 7 4 6 7
0 52 3 3 2 5 7 0 4 6 1
0 50 3 3 5 0 7 2 4 6 1
0 50 3 3 4 5 7 2 0 6 1
0 51 3 4 3 5 7 2 6 0 1
0 51 3 4 0 5 7 2 3 6 1
0 54 3 3 0 5 1 2 4 6 1
0 55 3 4 3 5 1 2 0 6 1
0 53 3 2 3 5 1 0 4 6 1
0 52 3 1 0 3 5 2 4 6 1
0 52 3 1 3 6 5 2 4 0 1
0 55 3 1 3 5 1 4 0 6 2
0 56 3 1 0 5 1 3 4 6 2
0 54 3 0 3 5 1 1 4 6 2
0 55 3 1 0 3 1 2 4 6 5
0 55 3 1 3 6 1 2 4 0 5
0 53 3 1 3 5 1 2 0 4 6
0 53 3 1 3 0 1 2 4 5 6
0 53 3 2 3 5 7 4 0 6 7
0 54 3 2 0 5 7 3 4 6 7
0 54 3 3 0 5 7 7 4 6 2
0 55 3 2 3 5 0 7 4 6 2
0 55 3 4 3 5 7 7 0 6 2
0 59 3 1 3 0 1 1 4 6 5
0 59 3 0 3 5 1 1 4 6 1
0 57 3 1 3 5 1 1 4 0 6
0 57 3 0 3 1 1 2 4 6 5
0 57 3 3 2 5 7 0 4 6 7
0 55 3 3 5 0 7 2 4 6 7
0 55 3 3 4 5 7 2 0 6 7
0 56 3 7 3 0 5 2 4 6 7
0 56 3 4 3 5 7 2 6 0 7
0 56 3 4 3 5 7 0 2 6 7
0 56 3 4 0 5 7 2 3 6 7
0 55 3 7 3 5 7 4 0 6 2
0 56 3 7 0 5 7 3 4 6 2
0 60 3 1 3 5 1 4 0 6 1
0 61 3 1 0 5 1 3 4 6 1
0 58 3 1 3 0 5 1 4 6 1
0 58 3 1 3 1 5 0 4 6 2
0 59 3 0 3 1 5 2 4 6 1
0 62 2 1 3 1 0 2 4 6 1
0 63 2 1 3 0 1 2 4 6 1
0 63 2 1 3 1 1 2 4 6 0
0 57 3 1 3 1 5 2 4 0 6
0 60 3 7 3 7 0 2 4 6 5
0 62 2 0 3 7 7 2 4 6 5
0 60 3 7 0 3 7 2 4 6 5
0 60 3 7 3 6 7 2 4 0 5
0 58 3 7 3 5 7 2 0 4 6
0 58 3 7 3 0 7 2 4 5 6
0 59 3 7 3 0 7 7 4 6 5
0 57 3 7 3 5 7 7 4 0 6
0 57 3 7 3 5 0 7 4 6 7
0 60 3 7 3 5 7 4 0 6 7
0 61 3 7 0 5 7 3 4 6 7
0 61 3 3 0 5 7 7 4 6 7
0 62 3 4 3 5 7 7 0 6 7
0 46 3 4 3 5 7 7 2 6 0
0 49 3 1 3 5 7 7 2 7 0
0 49 3 1 0 5 7 2 3 7 4
0 50 3 1 3 0 7 2 7 5 4
0 53 3 1 3 0 7 2 7 4 5
0 53 3 0 3 5 7 2 7 4 1
0 51 3 1 3 5 0 2 7 4 7
0 46 3 1 3 5 7 7 0 7 4
0 43 3 1 3 7 7 6 4 5 0
0 45 3 1 3 5 1 6 4 7 0
0 45 3 6 3 5 7 7 4 7 0
0 47 3 1 3 0 7 4 7 6 5
0 47 3 0 3 5 7 4 7 6 1
0 45 3 1 3 5 0 4 7 6 7
0 48 3 1 3 7 7 7 4 5 0
0 50 3 1 3 5 1 7 4 7 0
0 50 3 7 3 5 7 7 4 7 0
0 49 3 1 3 5 7 4 7 7 0
0 41 3 0 3 5 7 7 1 6 4
0 47 3 1 3 5 1 0 7 6 7
0 47 3 7 3 5 7 0 7 6 7
0 48 3 0 3 5 7 7 7 6 7
0 44 3 1 3 5 7 7 7 7 0
0 46 3 0 3 5 7 7 1 6 7
0 47 3 7 3 5 7 7 4 1 0
0 47 3 4 3 5 7 2 1 0 7
0 46 3 7 3 1 7 2 4 0 5
0 50 3 4 3 5 7 0 1 6 7
0 50 3 1 3 5 7 4 6 0 2
0 50 3 1 0 5 7 4 3 6 2
0 54 3 1 5 0 7 3 4 6 2
0 54 3 0 1 5 7 3 4 6 2
0 54 3 1 4 5 7 3 0 6 2
0 53 3 3 0 5 7 1 4 6 2
0 54 3 2 3 5 0 1 4 6 2
0 57 3 1 3 7 0 7 4 6 5
0 57 3 1 0 3 7 7 4 6 5
0 57 3 1 3 6 7 7 4 0 5
0 58 3 3 0 5 7 7 4 6 1
0 59 3 4 3 5 7 7 0 6 1
0 55 3 1 3 5 7 7 0 4 6
0 55 3 1 3 0 7 7 4 5 6
0 56 3 0 3 5 1 7 4 6 7
0 55 3 1 3 0 5 7 4 6 7
0 58 3 1 3 5 7 4 6 0 7
0 58 3 1 0 5 7 4 3 6 7
0 59 3 1 5 0 7 3 4 6 7
0 59 3 0 1 5 7 3 4 6 7
0 59 3 1 4 5 7 3 0 6 7
0 58 3 3 0 5 7 1 4 6 7
0 59 3 7 3 5 0 1 4 6 7
0 60 2 7 3 5 7 1 4 6 0
0 59 3 4 3 5 7 1 0 6 7
0 61 3 0 3 5 1 7 4 6 1
0 60 3 1 3 0 5 7 4 6 1
0 59 3 7 3 5 7 4 0 6 1
0 60 3 7 0 5 7 3 4 6 1
0 63 3 1 3 0 1 7 4 6 5
0 61 3 1 3 5 1 7 4 0 6
0 64 3 1 3 5 1 4 0 6 7
0 65 3 1 0 5 1 3 4 6 7
0 63 3 0 3 5 1 1 4 6 7
0 50 3 1 3 5 4 2 6 0 7
0 50 3 1 3 5 4 0 2 6 7
0 50 3 1 0 5 4 2 3 6 7
0 44 3 1 3 5 7 7 6 2 0
0 46 3 1 7 5 7 0 3 6 2
0 47 3 1 7 5 7 3 0 6 2
0 44 3 1 3 5 4 2 6 4 0
0 46 3 1 3 5 4 4 2 6 0
0 48 3 1 3 5 1 2 6 0 1
0 48 3 1 0 5 1 2 3 6 1
0 47 3 3 7 5 7 2 0 6 7
0 51 3 7 3 0 7 2 7 6 5
0 49 3 7 3 5 7 2 7 0 6
0 52 3 1 3 5 1 7 0 6 1
0 47 3 0 3 5 7 2 6 7 7
0 46 3 6 3 5 7 2 1 0 7
0 42 3 1 3 5 7 7 2 0 7
0 40 3 1 3 5 7 0 7 7 2
0 59 3 1 2 7 5 5 6 3 0
0 57 3 1 2 5 0 5 6 3 7
0 61 3 5 2 3 1 1 6 7 0
0 58 3 1 2 7 3 5 6 5 0
0 63 3 3 2 5 0 5 6 7 3
0 63 3 1 2 7 3 5 6 1 0
0 66 3 1 2 7 1 5 6 3 0
0 64 3 1 2 1 0 5 6 3 7
0 64 3 1 2 5 3 3 6 7 0
0 67 3 0 2 5 1 5 6 7 1
0 67 3 1 0 2 5 5 6 7 1
0 67 3 1 2 7 5 5 6 0 1
0 68 3 1 2 5 1 0 6 7 5
0 67 3 1 2 5 1 5 6 0 7
0 70 3 1 0 2 1 5 6 7 5
0 70 3 1 2 7 1 5 6 0 5
0 72 3 0 2 1 1 5 6 7 5
0 73 3 1 2 1 5 0 6 7 5
0 74 3 0 2 1 5 5 6 7 1
0 72 3 1 2 1 5 5 6 0 7
0 61 3 1 2 0 3 5 6 5 7
0 62 2 1 2 3 0 5 6 5 7
0 63 2 1 2 3 7 5 6 5 0
0 64 2 1 2 3 7 5 6 0 5
0 70 3 3 2 1 0 5 6 7 3
0 65 3 5 2 5 0 5 6 7 3
0 71 3 1 2 1 3 3 6 7 0
0 74 3 0 2 1 1 5 6 7 1
0 74 3 1 0 2 1 5 6 7 1
0 74 3 1 2 7 1 5 6 0 1
0 75 3 1 2 1 1 0 6 7 5
0 74 3 1 2 1 1 5 6 0 7
0 68 3 1 2 0 3 5 6 1 7
0 69 2 1 2 3 0 5 6 1 7
0 70 2 1 2 3 7 5 6 1 0
0 71 2 1 2 3 7 5 6 0 1
0 57 3 1 2 7 3 3 6 7 0
0 61 3 1 2 1 3 0 6 7 7
0 66 3 1 2 1 3 0 6 7 1
0 57 3 1 7 0 7 2 3 6 7
0 57 3 0 2 3 7 1 6 7 1
0 58 2 1 2 3 7 0 6 7 1
0 45 3 2 0 3 4 1 6 7 4
0 46 3 6 2 3 4 1 0 7 4
0 45 3 4 2 0 4 1 6 7 3
0 43 3 4 2 3 4 1 6 0 7
0 47 3 1 2 3 4 6 7 0 4
0 47 3 1 0 3 4 6 2 7 4
0 48 3 1 3 0 4 2 6 7 4
0 48 3 0 1 3 4 2 6 7 4
0 48 3 1 6 3 4 2 0 7 4
0 51 3 1 2 4 0 4 6 7 3
0 51 3 1 0 2 4 4 6 7 3
0 51 3 1 2 7 4 4 6 0 3
0 52 3 2 0 3 4 4 6 7 1
0 53 3 6 2 3 4 4 0 7 1
0 49 3 1 2 3 4 4 0 6 7
0 49 3 1 2 0 4 4 6 3 7
0 50 3 0 2 3 1 4 6 7 4
0 49 3 1 2 0 3 4 6 7 4
0 46 3 4 2 3 4 6 0 7 1
0 47 3 4 0 3 4 2 6 7 1
0 55 3 0 2 3 1 4 6 7 1
0 54 3 1 2 0 3 4 6 7 1
0 50 3 4 2 0 4 4 6 7 3
0 48 3 4 2 3 4 4 6 0 7
0 48 3 4 2 3 0 4 6 7 4
0 57 3 1 2 0 1 4 6 7 3
0 55 3 1 2 3 1 4 6 0 7
0 51 3 4 2 3 4 6 0 7 4
0 52 3 4 0 3 4 2 6 7 4
0 52 3 2 0 3 4 4 6 7 4
0 53 3 6 2 3 4 4 0 7 4
0 58 3 1 2 3 1 6 0 7 4
0 59 3 1 0 3 1 2 6 7 4
0 57 3 0 2 3 1 1 6 7 4
0 47 3 1 3 5 1 0 4 2 1
0 46 3 1 3 5 1 1 4 0 2
0 46 3 1 3 5 0 1 4 2 1
0 50 3 0 2 5 7 3 4 6 1
0 52 3 0 3 5 2 7 4 6 7
0 55 3 3 2 5 7 7 4 6 0
0 52 3 4 3 5 7 2 6 1 0
0 52 3 0 4 5 7 2 3 6 1
0 56 3 2 3 5 1 1 4 6 0
0 53 3 1 3 6 5 2 4 1 0
0 56 3 1 3 6 1 2 4 5 0
0 54 3 1 3 1 0 2 4 5 6
0 55 3 0 2 5 7 3 4 6 7
0 57 3 3 7 5 7 0 4 6 2
0 57 3 0 3 5 2 7 4 6 2
0 56 3 2 3 5 2 7 4 6 0
0 56 3 4 3 5 7 0 7 6 2
0 60 3 1 3 1 0 1 4 6 5
0 60 3 5 3 1 0 2 4 6 5
0 57 3 4 3 5 7 2 6 7 0
0 57 3 0 3 5 7 4 2 6 7
0 57 3 0 4 5 7 2 3 6 7
0 57 3 0 7 5 7 3 4 6 2
0 61 3 1 3 1 5 5 4 6 0
0 64 3 0 3 1 1 2 4 6 1
0 64 3 1 0 3 1 2 4 6 1
0 64 3 1 3 6 1 2 4 0 1
0 65 3 1 3 1 1 0 4 6 2
0 64 3 1 3 1 1 2 4 0 6
0 58 3 1 3 0 5 2 4 1 6
0 59 2 1 3 5 0 2 4 1 6
0 60 2 1 3 5 6 2 4 1 0
0 61 2 1 3 5 6 2 4 0 1
0 61 3 7 3 7 5 2 4 6 0
0 64 3 3 0 7 7 2 4 6 5
0 65 3 5 3 7 0 2 4 6 5
0 66 2 5 3 0 7 2 4 6 5
0 65 3 4 3 7 7 2 0 6 5
0 63 3 2 3 7 7 0 4 6 5
0 61 3 0 7 3 7 2 4 6 5
0 61 3 7 3 6 7 2 4 5 0
0 62 3 0 7 5 7 3 4 6 7
0 64 3 3 7 5 7 0 4 6 7
0 63 3 4 3 5 7 0 7 6 7
0 49 3 0 3 5 7 7 2 6 4
0 51 3 1 3 5 7 0 2 7 7
0 53 2 1 3 5 7 2 0 7 7
0 54 2 1 3 5 7 2 7 0 7
0 55 2 1 3 5 7 2 7 7 0
0 54 3 1 3 4 7 2 7 0 5
0 56 3 1 3 5 0 2 7 4 1
0 47 3 1 3 5 7 0 7 7 4
0 45 3 1 3 7 7 0 4 5 6
0 47 3 1 3 5 1 0 4 7 6
0 46 3 1 3 5 1 6 4 0 7
0 47 3 6 3 5 7 0 4 7 7
0 48 3 0 3 5 7 7 4 7 6
0 46 3 6 3 5 7 7 4 0 7
0 50 3 1 3 5 0 4 7 6 1
0 48 3 4 3 5 7 0 7 6 1
0 50 3 1 3 7 7 0 4 5 7
0 52 3 1 3 5 1 0 4 7 7
0 51 3 1 3 5 1 7 4 0 7
0 52 3 7 3 5 7 0 4 7 7
0 53 3 0 3 5 7 7 4 7 7
0 51 3 7 3 5 7 7 4 0 7
0 49 3 1 3 5 1 7 0 6 7
0 49 3 7 3 5 7 7 0 6 7
0 46 3 1 3 5 7 0 7 7 7
0 45 3 1 3 5 7 7 7 0 7
0 49 3 7 3 5 7 0 4 1 7
0 50 3 0 3 5 7 7 4 1 7
0 48 3 7 3 5 7 7 4 0 1
0 48 3 4 3 5 7 2 1 7 0
0 47 3 7 3 1 7 2 4 5 0
0 51 3 0 3 5 7 4 1 6 7
0 51 3 1 3 5 7 4 6 2 0
0 53 3 1 4 5 7 0 3 6 2
0 55 3 3 1 5 7 0 4 6 2
0 56 3 0 3 5 2 1 4 6 2
0 57 2 1 3 5 2 0 4 6 2
0 60 1 1 3 5 2 2 4 6 0
0 61 1 1 3 5 0 2 4 6 2
0 63 2 1 3 0 2 2 4 6 5
0 63 2 0 3 5 2 2 4 6 1
0 61 2 1 3 5 2 2 4 0 6
0 63 2 0 3 5 1 2 4 6 2
0 62 2 1 3 0 5 2 4 6 2
0 64 2 1 3 2 0 2 4 6 5
0 66 2 2 3 5 0 2 4 6 2
0 65 2 1 3 2 5 2 4 6 0
0 68 2 0 3 5 2 2 4 6 2
0 67 2 2 3 5 2 2 4 6 0
0 55 3 2 3 5 2 1 4 6 0
0 58 3 1 3 7 5 7 4 6 0
0 60 3 1 7 3 7 0 4 6 5
0 58 3 1 3 6 7 7 4 5 0
0 61 3 3 7 5 7 0 4 6 1
0 56 3 1 3 5 7 0 7 4 6
0 57 3 7 3 5 1 0 4 6 7
0 59 3 1 3 5 7 4 6 7 0
0 61 3 1 4 5 7 0 3 6 7
0 60 3 3 1 5 7 0 4 6 7
0 63 3 7 3 0 7 1 4 6 5
0 61 3 7 3 5 7 1 4 0 6
0 62 3 7 3 5 1 0 4 6 1
0 61 3 0 7 5 7 3 4 6 1
0 64 3 1 3 1 0 7 4 6 5
0 51 3 1 3 5 4 2 6 7 0
0 46 3 1 3 5 7 0 6 2 7
0 45 3 1 3 5 0 2 6 4 4
0 47 3 1 3 5 0 4 2 6 4
0 49 3 1 3 5 1 2 6 1 0
0 50 3 7 3 5 7 2 0 7 6
0 50 3 6 3 5 7 2 0 7 7
0 47 3 6 3 5 7 2 1 7 0
0 60 3 1 2 7 0 5 6 3 5
0 58 3 1 2 5 7 5 6 3 0
0 62 3 5 2 3 0 1 6 7 1
0 59 3 1 2 7 0 5 6 5 3
0 65 3 0 2 5 3 5 6 7 3
0 64 3 3 2 0 5 5 6 7 3
0 64 3 3 2 5 3 5 6 7 0
0 64 3 1 2 7 0 5 6 1 3
0 67 3 1 2 7 0 5 6 3 1
0 65 3 1 2 1 7 5 6 3 0
0 66 3 1 2 5 3 0 6 7 3
0 67 3 1 2 0 3 3 6 7 5
0 68 2 1 2 3 0 3 6 7 5
0 69 2 1 2 3 5 3 6 7 0
0 71 2 1 2 3 5 0 6 7 3
0 65 3 1 2 5 0 3 6 7 3
0 68 3 1 2 7 5 5 6 1 0
0 71 3 1 2 5 1 1 6 7 0
0 68 3 1 2 0 1 5 6 5 7
0 71 3 1 2 7 1 5 6 5 0
0 75 3 5 2 1 0 5 6 7 5
0 73 3 1 2 0 5 5 6 1 7
0 64 3 0 2 3 1 5 6 5 7
0 65 3 1 2 3 7 0 6 5 5
0 66 3 1 2 0 7 5 6 5 3
0 66 3 0 2 3 7 5 6 5 1
0 69 2 1 2 3 0 5 6 5 1
0 70 2 1 2 3 1 5 6 5 0
0 71 2 1 2 3 1 5 6 0 5
0 65 3 1 2 3 7 5 0 6 5
0 65 3 1 2 0 7 5 6 3 5
0 72 3 0 2 1 3 5 6 7 3
0 71 3 3 2 0 1 5 6 7 3
0 71 3 3 2 1 3 5 6 7 0
0 67 3 0 2 5 5 5 6 7 3
0 66 3 5 2 5 3 5 6 7 0
0 73 3 1 2 1 3 0 6 7 3
0 74 3 1 2 0 3 3 6 7 1
0 75 2 1 2 3 0 3 6 7 1
0 76 2 1 2 3 1 3 6 7 0
0 78 2 1 2 3 1 0 6 7 3
0 72 3 1 2 1 0 3 6 7 3
0 75 3 1 2 7 1 5 6 1 0
0 78 3 1 2 1 1 1 6 7 0
0 75 3 1 2 0 1 5 6 1 7
0 71 3 0 2 3 1 5 6 1 7
0 72 3 1 2 3 7 0 6 1 5
0 73 3 1 2 0 7 5 6 1 3
0 73 3 0 2 3 7 5 6 1 1
0 76 2 1 2 3 0 5 6 1 1
0 77 2 1 2 3 1 5 6 1 0
0 78 2 1 2 3 1 5 6 0 1
0 72 3 1 2 3 7 5 0 6 1
0 72 3 1 2 0 7 5 6 3 1
0 59 3 1 2 7 3 0 6 7 3
0 60 3 1 2 0 3 3 6 7 7
0 61 2 1 2 3 0 3 6 7 7
0 62 2 1 2 3 7 3 6 7 0
0 64 2 1 2 3 7 0 6 7 3
0 58 3 1 2 7 0 3 6 7 3
0 60 3 1 2 3 7 6 0 7 1
0 61 3 1 0 3 7 2 6 7 1
0 48 3 2 1 3 4 0 6 7 4
0 47 3 6 2 3 4 0 1 7 4
0 48 3 1 2 3 4 6 7 4 0
0 50 3 1 6 3 4 0 2 7 4
0 52 3 1 2 4 3 4 6 7 0
0 54 3 1 4 2 4 0 6 7 3
0 52 3 1 2 7 4 4 6 3 0
0 55 3 2 4 3 4 0 6 7 1
0 54 3 6 2 3 4 0 4 7 1
0 50 3 1 2 3 4 0 4 6 7
0 51 3 4 2 3 1 0 6 7 4
0 48 3 0 4 3 4 2 6 7 1
0 56 3 4 2 3 1 0 6 7 1
0 58 3 1 2 1 0 4 6 7 3
0 53 3 0 4 3 4 2 6 7 4
0 55 3 2 4 3 4 0 6 7 4
0 54 3 6 2 3 4 0 4 7 4
0 53 3 1 2 5 0 3 4 6 1
0 53 3 7 3 5 2 0 4 6 7
0 56 2 7 3 5 2 2 4 6 0
0 59 2 0 3 5 2 2 4 6 7
0 57 2 7 3 5 0 2 4 6 2
0 59 1 0 3 5 7 2 4 6 2
0 61 2 3 0 5 7 2 4 6 2
0 62 2 4 3 5 7 2 0 6 2
0 60 2 2 3 5 7 0 4 6 2
0 58 3 0 2 5 7 7 4 6 3
0 55 3 0 3 5 7 2 6 1 4
0 55 3 1 4 5 0 2 3 6 1
0 57 3 2 3 5 0 1 4 6 1
0 54 3 1 3 6 0 2 4 1 5
0 57 3 1 3 6 0 2 4 5 1
0 55 3 1 3 1 6 2 4 5 0
0 60 3 3 7 5 7 7 4 6 0
0 58 3 7 3 5 2 0 4 6 2
0 58 3 2 3 5 2 0 4 6 7
0 59 3 4 3 5 7 7 7 6 0
0 57 3 0 3 5 7 4 7 6 2
0 61 3 1 3 1 5 1 4 6 0
0 62 3 0 3 1 5 2 4 6 5
0 61 3 5 3 0 1 2 4 6 5
0 61 3 5 3 1 5 2 4 6 0
0 60 3 0 3 5 7 2 6 7 4
0 63 3 1 3 1 5 0 4 6 5
0 64 3 1 3 0 5 5 4 6 1
0 65 2 1 3 5 0 5 4 6 1
0 66 2 1 3 5 1 5 4 6 0
0 68 2 1 3 5 1 0 4 6 5
0 62 3 1 3 1 0 5 4 6 5
0 65 3 1 3 6 1 2 4 1 0
0 68 3 1 3 1 1 1 4 6 0
0 65 3 1 3 0 1 2 4 1 6
0 61 3 0 3 5 1 2 4 1 6
0 62 3 1 3 5 6 0 4 1 2
0 63 3 1 3 0 6 2 4 1 5
0 63 3 0 3 5 6 2 4 1 1
0 66 2 1 3 5 0 2 4 1 1
0 67 2 1 3 5 1 2 4 1 0
0 68 2 1 3 5 1 2 4 0 1
0 62 3 1 3 5 6 2 0 4 1
0 62 3 1 3 0 6 2 4 5 1
0 64 3 0 3 7 5 2 4 6 7
0 65 3 3 7 0 7 2 4 6 5
0 67 3 0 3 7 5 2 4 6 5
0 66 3 5 3 7 5 2 4 6 0
0 67 3 5 0 3 7 2 4 6 5
0 67 3 5 3 6 7 2 4 0 5
0 66 3 2 3 7 7 7 4 6 0
0 64 3 0 3 6 7 2 4 5 7
0 64 3 0 3 5 7 4 7 6 7
0 52 3 2 3 5 7 7 0 6 4
0 50 3 7 3 5 7 0 2 6 4
0 52 2 7 3 5 7 2 0 6 4
0 54 3 1 0 5 7 2 3 7 7
0 55 3 1 3 0 7 2 7 5 7
0 58 3 1 3 0 7 2 7 7 5
0 58 3 0 3 5 7 2 7 7 1
0 56 3 1 3 5 0 2 7 7 7
0 55 3 1 3 4 7 2 7 5 0
0 55 3 1 3 4 7 2 0 7 5
0 57 3 1 3 5 1 2 7 4 0
0 50 3 1 3 5 1 1 4 7 0
0 48 3 0 3 5 7 6 4 7 7
0 49 3 7 3 5 7 0 4 7 6
0 51 3 1 3 5 1 4 7 6 0
0 48 3 1 3 5 7 7 0 7 7
0 51 3 0 3 5 7 2 1 7 4
0 50 3 0 3 1 7 2 4 5 7
0 53 3 1 3 5 7 0 6 2 4
0 56 3 1 4 5 7 7 3 6 0
0 58 3 3 1 5 7 7 4 6 0
0 59 3 1 3 5 2 4 0 6 2
0 60 3 1 0 5 2 3 4 6 2
0 64 3 1 0 3 2 2 4 6 5
0 64 3 1 3 6 2 2 4 0 5
0 65 3 3 0 5 2 2 4 6 1
0 66 3 4 3 5 2 2 0 6 1
0 64 3 2 3 5 2 0 4 6 1
0 62 3 1 3 5 2 2 0 4 6
0 62 3 1 3 0 2 2 4 5 6
0 65 3 3 0 5 1 2 4 6 2
0 66 3 4 3 5 1 2 0 6 2
0 64 3 2 3 5 1 0 4 6 2
0 63 3 1 0 3 5 2 4 6 2
0 63 3 1 3 6 5 2 4 0 2
0 66 3 0 3 2 1 2 4 6 5
0 67 3 2 3 0 5 2 4 6 2
0 67 3 1 3 2 5 0 4 6 2
0 68 3 0 3 2 5 2 4 6 1
0 71 2 1 3 2 0 2 4 6 1
0 72 2 1 3 0 2 2 4 6 1
0 72 2 1 3 2 1 2 4 6 0
0 75 2 1 3 0 1 2 4 6 2
0 76 2 1 3 1 0 2 4 6 2
0 77 2 1 3 1 2 2 4 6 0
0 66 3 1 3 2 5 2 4 0 6
0 70 3 3 0 5 2 2 4 6 2
0 71 3 4 3 5 2 2 0 6 2
0 69 3 2 3 5 2 0 4 6 2
0 70 3 2 3 0 2 2 4 6 5
0 68 3 2 3 5 2 2 4 0 6
0 60 3 1 3 7 5 0 4 6 7
0 63 3 1 7 3 7 7 4 6 0
0 60 3 1 3 6 7 0 4 5 7
0 60 3 7 3 5 1 1 4 6 0
0 61 3 1 3 5 7 0 6 7 4
0 64 3 1 7 5 0 3 4 6 1
0 65 3 1 3 1 5 7 4 6 0
0 53 3 1 3 5 4 0 6 7 2
0 54 3 1 3 0 4 2 6 7 5
0 55 2 1 0 3 4 2 6 7 5
0 58 1 1 2 3 4 0 6 7 5
0 60 2 1 2 3 4 6 0 7 5
0 59 2 0 2 3 4 1 6 7 5
0 52 3 1 3 5 0 2 6 7 4
0 48 3 1 3 5 7 6 0 2 7
0 50 3 1 3 5 0 2 6 1 1
0 51 3 6 3 5 7 2 7 0 7
0 50 3 0 3 5 7 2 1 7 6
0 53 2 1 3 5 7 2 0 7 6
0 54 2 1 3 5 7 2 7 0 6
0 55 1 1 3 5 7 2 7 6 0
0 58 2 1 3 0 7 2 7 6 5
0 56 2 1 3 5 0 2 7 6 7
0 59 3 1 2 5 7 5 6 0 3
0 64 3 0 2 3 5 1 6 7 1
0 65 2 1 2 3 5 0 6 7 1
0 67 3 3 2 0 3 5 6 7 5
0 68 2 3 2 3 0 5 6 7 5
0 70 2 0 2 3 3 5 6 7 5
0 69 2 3 2 3 5 5 6 7 0
0 72 2 0 2 3 5 5 6 7 3
0 75 2 3 2 3 0 5 6 7 3
0 77 2 0 2 3 3 5 6 7 3
0 76 2 3 2 3 3 5 6 7 0
0 66 3 1 2 1 7 5 6 0 3
0 70 3 0 2 3 1 3 6 7 5
0 72 3 1 2 0 5 3 6 7 3
0 72 3 0 2 3 5 3 6 7 1
0 70 3 1 2 3 5 3 6 0 7
0 73 3 1 2 3 5 6 0 7 3
0 74 3 1 0 3 5 2 6 7 3
0 72 3 0 2 3 5 1 6 7 3
0 69 3 1 2 7 0 5 6 1 5
0 73 3 1 2 5 1 0 6 7 1
0 74 3 1 2 0 1 1 6 7 5
0 72 3 1 2 5 0 1 6 7 1
0 69 3 1 2 1 0 5 6 5 7
0 72 3 1 2 7 0 5 6 5 1
0 77 3 0 2 1 5 5 6 7 5
0 76 3 5 2 0 1 5 6 7 5
0 76 3 5 2 1 5 5 6 7 0
0 74 3 1 2 5 0 5 6 1 7
0 67 3 7 2 3 0 5 6 5 7
0 68 3 1 2 3 7 7 6 5 0
0 71 3 0 2 3 1 5 6 5 1
0 70 3 1 2 0 3 5 6 5 1
0 72 3 1 2 3 1 0 6 5 5
0 73 3 1 2 0 1 5 6 5 3
0 72 3 1 2 3 1 5 0 6 5
0 72 3 1 2 0 1 5 6 3 5
0 74 3 3 2 0 3 5 6 7 1
0 75 2 3 2 3 0 5 6 7 1
0 77 2 0 2 3 3 5 6 7 1
0 76 2 3 2 3 1 5 6 7 0
0 79 2 0 2 3 1 5 6 7 3
0 69 3 0 2 5 3 5 6 7 5
0 77 3 0 2 3 1 3 6 7 1
0 79 3 1 2 0 1 3 6 7 3
0 77 3 1 2 3 1 3 6 0 7
0 80 3 1 2 3 1 6 0 7 3
0 81 3 1 0 3 1 2 6 7 3
0 79 3 0 2 3 1 1 6 7 3
0 76 3 1 2 7 0 5 6 1 1
0 80 3 1 2 1 1 0 6 7 1
0 81 3 1 2 0 1 1 6 7 1
0 79 3 1 2 1 0 1 6 7 1
0 76 3 1 2 1 0 5 6 1 7
0 74 3 7 2 3 0 5 6 1 7
0 75 3 1 2 3 7 7 6 1 0
0 78 3 0 2 3 1 5 6 1 1
0 77 3 1 2 0 3 5 6 1 1
0 79 3 1 2 3 1 0 6 1 5
0 80 3 1 2 0 1 5 6 1 3
0 79 3 1 2 3 1 5 0 6 1
0 79 3 1 2 0 1 5 6 3 1
0 63 3 0 2 3 1 3 6 7 7
0 65 3 1 2 0 7 3 6 7 3
0 65 3 0 2 3 7 3 6 7 1
0 63 3 1 2 3 7 3 6 0 7
0 66 3 1 2 3 7 6 0 7 3
0 67 3 1 0 3 7 2 6 7 3
0 65 3 0 2 3 7 1 6 7 3
0 62 3 1 3 0 7 2 6 7 1
0 51 3 2 1 3 4 4 6 7 0
0 50 3 6 2 3 4 4 1 7 0
0 48 3 0 2 3 4 6 1 7 4
0 50 3 1 2 3 4 0 7 4 6
0 53 3 1 6 3 4 4 2 7 0
0 54 3 1 2 4 3 0 6 7 4
0 57 3 1 4 2 4 4 6 7 0
0 54 3 1 2 7 4 0 6 3 4
0 58 3 2 4 3 4 4 6 7 0
0 57 3 6 2 3 4 4 4 7 0
0 55 3 0 2 3 4 6 4 7 1
0 53 3 1 2 3 4 4 4 6 0
0 53 3 1 0 3 4 2 4 6 7
0 54 2 1 3 0 4 2 4 6 7
0 55 2 1 3 4 0 2 4 6 7
0 56 1 1 3 4 7 2 4 6 0
0 59 1 1 3 0 7 2 4 6 4
0 58 2 1 3 4 7 0 4 6 2
0 59 2 0 3 4 7 2 4 6 1
0 57 2 1 3 4 7 2 4 0 6
0 60 2 1 3 7 0 2 4 6 4
0 60 2 1 0 3 7 2 4 6 4
0 60 2 1 3 6 7 2 4 0 4
0 61 2 1 3 4 7 7 4 6 0
0 62 2 1 3 4 0 2 4 6 1
0 58 2 1 3 0 7 2 4 4 6
0 61 2 1 3 7 4 2 4 6 0
0 61 2 1 3 6 7 2 4 4 0
0 63 2 1 3 4 7 0 4 6 7
0 64 2 1 3 0 7 7 4 6 4
0 63 2 1 3 0 4 2 4 6 1
0 63 2 1 3 4 1 2 4 6 0
0 66 2 1 3 0 1 2 4 6 4
0 67 2 1 3 1 0 2 4 6 4
0 68 2 1 3 1 4 2 4 6 0
0 54 3 4 2 3 1 1 6 7 0
0 51 3 1 4 3 0 2 6 7 1
0 59 3 1 2 1 3 4 6 7 0
0 55 3 0 2 3 4 6 4 7 4
0 54 3 1 2 5 1 3 4 6 0
0 59 3 7 3 0 2 2 4 6 5
0 57 3 7 3 5 2 2 4 0 6
0 61 3 3 0 5 2 2 4 6 7
0 62 3 4 3 5 2 2 0 6 7
0 58 3 7 3 0 5 2 4 6 2
0 64 3 3 2 5 7 0 4 6 2
0 62 3 3 5 0 7 2 4 6 2
0 62 3 3 4 5 7 2 0 6 2
0 63 3 4 3 5 7 2 6 0 2
0 63 3 4 3 5 7 0 2 6 2
0 63 3 4 0 5 7 2 3 6 2
0 62 3 2 3 5 7 4 0 6 2
0 63 3 2 0 5 7 3 4 6 2
0 60 3 2 0 5 7 7 4 6 3
0 59 3 7 2 5 7 0 4 6 3
0 62 2 7 0 5 7 2 4 6 3
0 63 2 0 7 5 7 2 4 6 3
0 58 3 6 3 5 7 2 0 1 4
0 56 3 1 4 5 1 2 3 6 0
0 59 3 0 3 5 2 1 4 6 1
0 60 2 1 3 5 2 0 4 6 1
0 56 3 1 3 1 6 2 4 0 5
0 63 3 0 7 5 7 7 4 6 3
0 62 3 0 3 5 7 7 7 6 4
0 63 3 1 3 1 5 0 4 6 1
0 64 3 5 3 0 5 2 4 6 1
0 65 2 5 3 5 0 2 4 6 1
0 67 2 0 3 5 5 2 4 6 1
0 66 2 5 3 5 1 2 4 6 0
0 69 2 0 3 5 1 2 4 6 5
0 72 2 5 3 5 0 2 4 6 5
0 74 2 0 3 5 5 2 4 6 5
0 73 2 5 3 5 5 2 4 6 0
0 63 3 6 3 5 7 2 0 7 4
0 67 3 0 3 5 1 5 4 6 1
0 69 3 1 3 0 1 5 4 6 5
0 67 3 1 3 5 1 5 4 0 6
0 70 3 1 3 5 1 4 0 6 5
0 71 3 1 0 5 1 3 4 6 5
0 69 3 0 3 5 1 1 4 6 5
0 66 3 1 3 6 0 2 4 1 1
0 70 3 1 3 1 1 0 4 6 1
0 71 3 1 3 0 1 1 4 6 1
0 69 3 1 3 1 0 1 4 6 1
0 66 3 1 3 1 0 2 4 1 6
0 65 3 1 3 5 6 6 4 1 0
0 68 3 0 3 5 1 2 4 1 1
0 67 3 1 3 0 5 2 4 1 1
0 69 3 1 3 5 1 0 4 1 2
0 70 3 1 3 0 1 2 4 1 5
0 69 3 1 3 5 1 2 0 4 1
0 69 3 1 3 0 1 2 4 5 1
0 67 3 7 3 7 0 2 4 6 7
0 69 2 0 3 7 7 2 4 6 7
0 68 2 7 3 0 7 2 4 6 7
0 68 2 7 3 7 7 2 4 6 0
0 69 3 5 3 0 5 2 4 6 7
0 70 2 5 3 5 0 2 4 6 7
0 71 1 5 3 5 7 2 4 6 0
0 74 1 0 3 5 7 2 4 6 5
0 72 2 0 3 5 5 2 4 6 7
0 73 2 5 3 5 7 0 4 6 2
0 72 2 5 3 5 7 2 4 0 6
0 76 2 3 0 5 7 2 4 6 5
0 77 2 4 3 5 7 2 0 6 5
0 75 2 2 3 5 7 0 4 6 5
0 76 2 5 3 5 7 7 4 6 0
0 74 2 0 3 5 7 5 4 6 2
0 78 2 5 3 5 7 0 4 6 7
0 79 2 0 3 5 7 7 4 6 5
0 79 2 0 3 5 7 5 4 6 7
0 80 2 7 3 5 7 0 4 6 5
0 68 3 0 5 3 7 2 4 6 5
0 68 3 5 3 6 7 2 4 5 0
0 68 3 2 3 7 7 0 4 6 7
0 69 3 2 3 0 7 7 4 6 7
0 69 3 0 3 7 7 7 4 6 2
0 53 3 2 3 5 7 0 7 6 4
0 54 2 0 3 5 7 2 7 6 4
0 53 3 7 3 5 7 2 6 0 4
0 53 3 7 0 5 7 2 3 6 4
0 59 3 1 3 7 7 2 7 0 5
0 61 3 1 3 5 0 2 7 7 1
0 61 3 7 3 5 7 2 0 7 1
0 58 3 1 3 5 1 2 7 0 4
0 52 3 1 3 5 1 0 4 7 1
0 51 3 1 3 5 1 1 4 0 7
0 51 3 1 3 5 0 1 4 7 1
0 53 3 1 3 5 1 0 7 6 4
0 55 3 1 3 5 7 6 0 2 4
0 61 3 0 1 5 7 7 4 6 3
0 63 2 1 0 5 7 7 4 6 3
0 66 2 1 7 5 7 0 4 6 3
0 69 2 1 7 5 7 7 4 6 0
0 71 2 1 7 5 7 0 4 6 7
0 74 2 1 0 5 7 7 4 6 7
0 65 3 1 3 6 2 2 4 5 0
0 63 3 1 3 2 0 2 4 5 6
0 64 3 1 3 6 5 2 4 2 0
0 69 3 5 3 2 0 2 4 6 5
0 70 3 1 3 2 5 5 4 6 0
0 73 3 0 3 2 1 2 4 6 1
0 73 3 1 0 3 2 2 4 6 1
0 73 3 1 3 6 2 2 4 0 1
0 74 3 1 3 2 1 0 4 6 2
0 73 3 1 3 2 1 2 4 0 6
0 76 3 1 0 3 1 2 4 6 2
0 76 3 1 3 6 1 2 4 0 2
0 78 3 0 3 1 1 2 4 6 2
0 79 3 1 3 1 2 0 4 6 2
0 80 3 0 3 1 2 2 4 6 1
0 78 3 1 3 1 2 2 4 0 6
0 67 3 1 3 0 5 2 4 2 6
0 68 2 1 3 5 0 2 4 2 6
0 69 2 1 3 5 6 2 4 2 0
0 70 2 1 3 5 6 2 4 0 2
0 71 3 2 3 2 0 2 4 6 5
0 63 3 1 3 7 5 5 4 6 0
0 65 3 1 7 3 7 0 4 6 7
0 66 3 1 7 0 7 7 4 6 3
0 61 3 7 3 5 0 1 4 6 1
0 63 2 0 3 5 7 1 4 6 1
0 64 1 1 3 5 7 0 4 6 1
0 66 2 1 3 5 7 4 0 6 1
0 67 2 1 0 5 7 3 4 6 1
0 63 3 1 3 5 7 6 0 7 4
0 65 3 1 7 5 1 3 4 6 0
0 67 3 1 3 1 5 0 4 6 7
0 56 3 1 3 5 4 4 6 7 0
0 56 3 1 0 5 4 3 6 7 2
0 56 3 0 1 3 4 2 6 7 5
0 56 3 1 6 3 4 2 0 7 5
0 61 3 1 2 3 4 6 7 0 5
0 61 3 1 0 3 4 6 2 7 5
0 61 3 2 0 3 4 1 6 7 5
0 62 3 6 2 3 4 1 0 7 5
0 49 3 1 3 5 7 6 2 0 7
0 52 3 6 3 5 7 2 7 7 0
0 54 3 1 3 5 7 0 2 7 6
0 54 3 1 0 5 7 2 3 7 6
0 55 3 1 3 0 7 2 7 5 6
0 59 3 1 3 7 0 2 7 6 5
0 59 3 1 0 3 7 2 7 6 5
0 59 3 1 3 6 7 2 7 0 5
0 58 3 0 3 5 1 2 7 6 7
0 57 3 1 3 0 5 2 7 6 7
0 60 3 1 2 5 7 5 0 6 3
0 67 3 1 2 3 5 6 0 7 1
0 68 3 1 0 3 5 2 6 7 1
0 72 3 2 0 3 3 5 6 7 5
0 73 3 6 2 3 3 5 0 7 5
0 71 3 5 2 3 3 0 6 7 5
0 71 3 3 2 3 5 0 6 7 5
0 70 3 3 2 3 5 5 6 0 7
0 74 3 2 0 3 5 5 6 7 3
0 75 3 6 2 3 5 5 0 7 3
0 73 3 5 2 3 5 0 6 7 3
0 76 3 3 2 0 3 5 6 7 3
0 79 3 2 0 3 3 5 6 7 3
0 80 3 6 2 3 3 5 0 7 3
0 78 3 5 2 3 3 0 6 7 3
0 78 3 3 2 3 3 0 6 7 5
0 77 3 3 2 3 3 5 6 0 7
0 73 3 5 2 3 0 3 6 7 5
0 71 3 3 2 3 1 0 6 7 5
0 73 3 3 2 3 5 0 6 7 1
0 75 3 3 2 3 0 1 6 7 3
0 70 3 1 2 0 7 5 6 1 5
0 75 3 1 2 1 0 1 6 7 5
0 73 3 1 2 0 5 1 6 7 1
0 70 3 1 2 1 7 5 6 5 0
0 73 3 1 2 0 7 5 6 5 1
0 79 3 5 2 0 5 5 6 7 1
0 75 3 1 2 5 7 5 6 1 0
0 69 3 0 2 3 7 5 6 5 7
0 68 3 7 2 3 7 5 6 5 0
0 70 3 1 2 3 7 0 6 5 7
0 69 3 1 2 3 7 7 6 0 5
0 69 3 1 2 3 0 7 6 5 7
0 71 3 1 2 5 3 5 6 0 1
0 75 3 1 2 3 1 1 6 5 0
0 74 3 1 2 1 0 5 6 5 3
0 74 3 1 2 5 1 5 6 0 3
0 73 3 1 2 1 0 5 6 3 5
0 79 3 2 0 3 3 5 6 7 1
0 80 3 6 2 3 3 5 0 7 1
0 78 3 5 2 3 3 0 6 7 1
0 77 3 3 2 3 1 5 6 0 7
0 81 3 2 0 3 1 5 6 7 3
0 82 3 6 2 3 1 5 0 7 3
0 80 3 5 2 3 1 0 6 7 3
0 72 3 5 2 5 0 5 6 7 5
0 78 3 3 2 3 1 0 6 7 1
0 77 3 1 2 0 7 5 6 1 1
0 77 3 1 2 1 7 5 6 1 0
0 76 3 0 2 3 7 5 6 1 7
0 75 3 7 2 3 7 5 6 1 0
0 77 3 1 2 3 7 0 6 1 7
0 76 3 1 2 3 7 7 6 0 1
0 76 3 1 2 3 0 7 6 1 7
0 78 3 1 2 1 3 5 6 0 1
0 82 3 1 2 3 1 1 6 1 0
0 81 3 1 2 1 0 5 6 1 3
0 81 3 1 2 1 1 5 6 0 3
0 80 3 1 2 1 0 5 6 3 1
0 66 3 7 2 3 0 3 6 7 7
0 64 3 3 2 3 1 0 6 7 7
0 66 3 3 2 3 7 0 6 7 1
0 68 3 1 3 0 7 2 6 7 3
0 63 3 1 3 7 7 2 6 0 1
0 64 2 1 3 7 7 2 0 6 1
0 54 3 0 1 3 4 4 6 7 2
0 56 2 1 0 3 4 4 6 7 2
0 59 2 1 4 3 4 0 6 7 2
0 62 2 1 4 3 4 4 6 7 0
0 64 2 1 4 3 4 0 6 7 4
0 67 2 1 0 3 4 4 6 7 4
0 53 3 0 2 3 4 4 1 7 6
0 56 2 1 2 3 4 4 0 7 6
0 57 2 1 2 3 4 0 4 7 6
0 60 2 1 2 3 4 4 4 7 0
0 62 2 1 2 3 4 0 4 7 4
0 64 2 1 2 3 4 4 0 7 4
0 52 3 1 2 3 4 7 0 4 6
0 53 3 1 2 3 4 4 7 4 0
0 57 3 1 2 4 3 3 6 7 0
0 59 3 1 4 2 4 0 6 7 4
0 60 3 1 4 0 4 4 6 7 2
0 61 3 0 4 3 4 4 6 7 2
0 60 3 0 2 3 4 4 4 7 6
0 58 3 1 2 3 0 6 4 7 1
0 55 3 1 2 3 4 0 4 6 4
0 54 3 1 2 3 4 4 4 0 6
0 55 3 1 3 6 4 2 4 0 7
0 57 3 0 3 4 1 2 4 6 7
0 60 3 1 3 4 7 4 0 6 2
0 61 3 1 0 4 7 3 4 6 2
0 59 3 0 3 4 7 1 4 6 2
0 61 3 3 0 4 7 2 4 6 1
0 62 3 4 3 4 7 2 0 6 1
0 60 3 2 3 4 7 0 4 6 1
0 58 3 1 3 4 7 2 0 4 6
0 62 3 0 3 7 1 2 4 6 4
0 63 3 1 2 3 7 0 4 6 4
0 61 3 0 1 3 7 2 4 6 4
0 61 3 1 4 3 7 2 0 6 4
0 61 3 1 3 6 7 2 0 4 4
0 64 3 0 3 4 7 7 4 6 1
0 62 3 1 3 4 7 7 4 0 6
0 62 3 1 3 4 0 7 4 6 7
0 64 3 0 3 4 1 2 4 6 1
0 59 3 1 3 7 0 2 4 4 6
0 59 3 1 0 3 7 2 4 4 6
0 63 3 1 3 7 4 0 4 6 2
0 64 3 0 3 7 4 2 4 6 1
0 67 2 1 3 7 0 2 4 6 1
0 68 1 1 3 0 7 2 4 6 1
0 68 2 1 3 7 1 2 4 6 0
0 69 2 1 0 3 7 2 4 6 1
0 69 2 1 3 6 7 2 4 0 1
0 71 2 1 3 0 1 2 4 6 7
0 70 2 1 3 6 7 2 4 1 0
0 72 2 1 3 1 0 2 4 6 7
0 73 1 1 3 1 7 2 4 6 0
0 73 2 1 3 0 7 2 4 1 6
0 75 2 1 3 1 7 0 4 6 2
0 76 2 0 3 1 7 2 4 6 1
0 74 2 1 3 1 7 2 4 0 6
0 78 2 1 3 1 7 7 4 6 0
0 80 2 1 3 1 7 0 4 6 7
0 81 2 1 3 0 7 7 4 6 1
0 62 3 1 3 7 4 2 4 0 6
0 63 3 1 3 6 7 0 4 4 2
0 64 3 0 3 6 7 2 4 4 1
0 62 3 1 3 6 0 2 4 4 7
0 65 3 1 3 4 7 4 0 6 7
0 66 3 1 0 4 7 3 4 6 7
0 64 3 0 3 4 7 1 4 6 7
0 65 3 1 3 7 0 7 4 6 4
0 65 3 1 0 3 7 7 4 6 4
0 65 3 1 3 6 7 7 4 0 4
0 64 3 1 0 3 4 2 4 6 1
0 64 3 1 3 6 4 2 4 0 1
0 65 3 1 3 4 1 0 4 6 2
0 64 3 1 3 4 1 2 4 0 6
0 67 3 1 0 3 1 2 4 6 4
0 67 3 1 3 6 1 2 4 0 4
0 69 3 0 3 1 1 2 4 6 4
0 70 3 1 3 1 4 0 4 6 2
0 71 3 0 3 1 4 2 4 6 1
0 69 3 1 3 1 4 2 4 0 6
0 55 3 4 2 3 0 1 6 7 1
0 57 2 0 2 3 4 1 6 7 1
0 58 1 1 2 3 4 0 6 7 1
0 60 2 1 2 3 4 6 0 7 1
0 61 2 1 0 3 4 2 6 7 1
0 52 3 1 4 3 1 2 6 7 0
0 61 3 1 2 1 3 0 6 7 4
0 56 3 1 2 5 1 0 4 6 3
0 59 2 1 0 5 1 2 4 6 3
0 60 3 7 3 2 0 2 4 6 5
0 62 2 0 3 2 7 2 4 6 5
0 65 3 0 2 5 7 3 4 6 2
0 64 3 4 3 5 7 2 6 2 0
0 64 3 0 3 5 7 4 2 6 2
0 64 3 0 4 5 7 2 3 6 2
0 63 3 2 7 5 7 0 4 6 3
0 62 3 7 2 5 7 7 4 6 0
0 63 3 7 5 0 7 2 4 6 3
0 63 3 7 4 5 7 2 0 6 3
0 66 3 3 7 5 0 2 4 6 3
0 66 3 4 7 5 7 2 0 6 3
0 59 3 6 3 5 7 2 1 0 4
0 62 3 1 3 5 2 4 0 6 1
0 63 3 1 0 5 2 3 4 6 1
0 65 3 7 0 5 7 7 4 6 3
0 64 3 7 7 5 7 0 4 6 3
0 65 3 7 3 5 7 7 0 6 4
0 63 3 7 3 5 7 0 7 6 4
0 69 3 3 0 5 5 2 4 6 1
0 70 3 4 3 5 5 2 0 6 1
0 68 3 2 3 5 5 0 4 6 1
0 68 3 5 3 5 1 0 4 6 2
0 67 3 5 3 5 1 2 4 0 6
0 71 3 3 0 5 1 2 4 6 5
0 72 3 4 3 5 1 2 0 6 5
0 70 3 2 3 5 1 0 4 6 5
0 73 3 5 3 0 5 2 4 6 5
0 76 3 3 0 5 5 2 4 6 5
0 77 3 4 3 5 5 2 0 6 5
0 75 3 2 3 5 5 0 4 6 5
0 75 3 5 3 5 5 0 4 6 2
0 74 3 5 3 5 5 2 4 0 6
0 64 3 6 3 5 7 2 7 0 4
0 68 3 5 3 5 1 0 4 6 1
0 72 3 5 3 5 0 1 4 6 5
0 67 3 1 3 0 6 2 4 1 1
0 67 3 1 3 1 6 2 4 1 0
0 67 3 1 3 5 6 0 4 1 6
0 66 3 1 3 5 6 6 4 0 1
0 66 3 1 3 5 0 6 4 1 6
0 68 3 1 3 1 5 2 4 0 1
0 72 3 1 3 5 1 1 4 1 0
0 71 3 1 3 1 0 2 4 1 5
0 71 3 1 3 1 1 2 4 0 5
0 70 3 1 3 1 0 2 4 5 1
0 71 3 3 0 7 7 2 4 6 7
0 72 3 4 3 7 7 2 0 6 7
0 69 3 7 0 3 7 2 4 6 7
0 69 3 7 3 6 7 2 4 0 7
0 70 3 7 3 7 7 0 4 6 2
0 69 3 7 3 7 7 2 4 0 6
0 74 3 3 0 5 5 2 4 6 7
0 75 3 4 3 5 5 2 0 6 7
0 73 3 2 3 5 5 0 4 6 7
0 75 3 5 3 5 7 4 0 6 2
0 76 3 5 0 5 7 3 4 6 2
0 73 3 5 3 5 7 2 0 4 6
0 73 3 5 3 0 7 2 4 5 6
0 79 3 3 2 5 7 0 4 6 5
0 77 3 3 5 0 7 2 4 6 5
0 77 3 3 4 5 7 2 0 6 5
0 78 3 4 3 5 7 2 6 0 5
0 78 3 4 3 5 7 0 2 6 5
0 78 3 4 0 5 7 2 3 6 5
0 77 3 2 3 5 7 4 0 6 5
0 78 3 2 0 5 7 3 4 6 5
0 79 3 5 3 0 7 7 4 6 5
0 77 3 5 3 5 7 7 4 0 6
0 77 3 5 3 5 0 7 4 6 7
0 76 3 3 0 5 7 5 4 6 2
0 77 3 2 3 5 0 5 4 6 2
0 77 3 4 3 5 7 5 0 6 2
0 80 3 5 3 5 7 4 0 6 7
0 81 3 5 0 5 7 3 4 6 7
0 81 3 3 0 5 7 7 4 6 5
0 82 3 5 3 5 0 7 4 6 5
0 82 3 4 3 5 7 7 0 6 5
0 81 3 3 0 5 7 5 4 6 7
0 82 3 7 3 5 0 5 4 6 7
0 83 2 7 3 5 7 5 4 6 0
0 82 3 4 3 5 7 5 0 6 7
0 82 3 7 3 5 7 4 0 6 5
0 83 3 7 0 5 7 3 4 6 5
0 71 3 0 3 6 7 2 4 5 5
0 56 3 3 0 5 7 2 7 6 4
0 57 3 4 3 5 0 2 7 6 4
0 54 3 7 3 5 7 2 6 4 0
0 54 3 0 7 5 7 2 3 6 4
0 60 3 1 3 7 7 2 7 5 0
0 60 3 1 3 7 7 2 0 7 5
0 62 3 1 3 5 1 2 7 7 0
0 62 3 7 3 5 7 2 7 0 1
0 59 3 1 3 5 1 2 0 7 4
0 55 3 1 3 5 1 7 0 6 4
0 56 3 1 3 5 7 6 2 0 4
0 62 3 7 1 5 7 0 4 6 3
0 64 3 1 5 0 7 7 4 6 3
0 64 3 1 4 5 7 7 0 6 3
0 68 3 1 7 5 7 4 0 6 3
0 67 3 0 7 5 7 1 4 6 3
0 72 3 1 7 0 7 7 4 6 5
0 72 3 0 7 5 7 7 4 6 1
0 70 3 1 7 5 7 7 4 0 6
0 70 3 1 7 5 0 7 4 6 7
0 73 3 1 7 5 7 4 0 6 7
0 72 3 0 7 5 7 1 4 6 7
0 75 3 1 5 0 7 7 4 6 7
0 75 3 0 1 5 7 7 4 6 7
0 75 3 1 4 5 7 7 0 6 7
0 66 3 1 3 6 0 2 4 5 2
0 64 3 1 3 2 6 2 4 5 0
0 65 3 1 3 6 0 2 4 2 5
0 71 3 0 3 2 5 2 4 6 5
0 70 3 5 3 0 2 2 4 6 5
0 70 3 5 3 2 5 2 4 6 0
0 72 3 1 3 2 5 0 4 6 5
0 73 3 1 3 0 5 5 4 6 2
0 74 2 1 3 5 0 5 4 6 2
0 75 2 1 3 5 2 5 4 6 0
0 77 2 1 3 5 2 0 4 6 5
0 71 3 1 3 2 0 5 4 6 5
0 74 3 1 3 6 2 2 4 1 0
0 77 3 1 3 2 1 1 4 6 0
0 74 3 1 3 0 1 2 4 2 6
0 77 3 1 3 6 1 2 4 2 0
0 81 3 2 3 1 0 2 4 6 2
0 79 3 1 3 0 2 2 4 1 6
0 70 3 0 3 5 1 2 4 2 6
0 71 3 1 3 5 6 0 4 2 2
0 72 3 1 3 0 6 2 4 2 5
0 72 3 0 3 5 6 2 4 2 1
0 75 2 1 3 5 0 2 4 2 1
0 76 2 1 3 5 1 2 4 2 0
0 77 2 1 3 5 1 2 4 0 2
0 71 3 1 3 5 6 2 0 4 2
0 71 3 1 3 0 6 2 4 5 2
0 73 3 0 3 2 2 2 4 6 5
0 72 3 2 3 2 5 2 4 6 0
0 65 3 1 3 7 5 0 4 6 5
0 66 3 1 3 0 5 5 4 6 7
0 67 2 1 3 5 0 5 4 6 7
0 68 1 1 3 5 7 5 4 6 0
0 70 1 1 3 5 7 0 4 6 5
0 71 2 1 3 0 7 5 4 6 5
0 71 2 0 3 5 7 5 4 6 1
0 69 2 1 3 5 7 5 4 0 6
0 72 2 1 3 5 7 4 0 6 5
0 73 2 1 0 5 7 3 4 6 5
0 71 2 0 3 5 7 1 4 6 5
0 72 2 5 3 5 7 0 4 6 1
0 64 3 1 3 7 0 5 4 6 5
0 68 3 1 0 3 7 7 4 6 7
0 69 2 1 3 0 7 7 4 6 7
0 67 3 1 0 7 7 7 4 6 3
0 65 3 3 0 5 7 1 4 6 1
0 66 3 4 3 5 7 1 0 6 1
0 67 3 1 3 5 7 4 6 0 1
0 67 3 1 0 5 7 4 3 6 1
0 68 3 1 5 0 7 3 4 6 1
0 68 3 0 1 5 7 3 4 6 1
0 68 3 1 4 5 7 3 0 6 1
0 64 3 1 3 5 7 6 7 0 4
0 67 3 1 7 5 1 0 4 6 3
0 58 3 1 3 5 4 0 6 7 4
0 59 3 1 3 0 4 4 6 7 5
0 60 2 1 0 3 4 4 6 7 5
0 63 2 1 4 3 4 0 6 7 5
0 57 3 1 5 0 4 3 6 7 2
0 57 3 2 1 3 4 0 6 7 5
0 57 3 1 6 3 4 0 2 7 5
0 62 3 1 2 3 4 6 7 5 0
0 63 3 6 2 3 4 0 1 7 5
0 50 3 1 3 5 7 6 2 7 0
0 55 3 0 3 5 7 2 7 7 6
0 60 3 1 3 7 5 2 7 6 0
0 60 3 1 7 3 7 2 0 6 5
0 60 3 1 3 6 7 2 7 5 0
0 60 3 1 3 6 7 2 0 7 5
0 61 3 7 3 5 1 2 0 6 7
0 61 3 1 2 5 7 0 5 6 3
0 64 2 1 0 5 7 2 5 6 3
0 65 2 1 5 5 7 2 0 6 3
0 61 3 1 0 5 7 5 2 6 3
0 74 3 5 2 3 3 3 6 7 0
0 72 3 0 2 3 5 3 6 7 5
0 81 3 3 2 3 3 3 6 7 0
0 79 3 0 2 3 3 3 6 7 5
0 74 3 5 2 3 5 3 6 7 0
0 74 3 3 2 3 1 1 6 7 0
0 77 3 0 2 3 3 1 6 7 3
0 78 2 1 2 3 3 0 6 7 3
0 81 2 1 2 3 3 3 6 7 0
0 82 2 1 2 3 0 3 6 7 3
0 76 3 3 2 3 3 1 6 7 0
0 71 3 1 2 1 7 5 6 0 5
0 76 3 1 2 1 5 1 6 7 0
0 74 3 1 2 5 7 5 6 0 1
0 80 3 5 2 5 0 5 6 7 1
0 69 3 7 2 3 7 5 6 0 5
0 72 3 1 2 5 3 5 6 1 0
0 77 3 1 2 3 1 0 6 5 1
0 76 3 1 2 3 1 1 6 0 5
0 76 3 1 2 3 0 1 6 5 1
0 75 3 1 2 1 3 5 6 5 0
0 75 3 1 2 5 1 5 6 3 0
0 74 3 1 2 1 5 5 6 3 0
0 74 3 0 2 5 5 5 6 7 5
0 73 3 5 2 0 5 5 6 7 5
0 73 3 5 2 5 5 5 6 7 0
0 78 3 1 2 1 7 5 6 0 1
0 76 3 7 2 3 7 5 6 0 1
0 79 3 1 2 1 3 5 6 1 0
0 84 3 1 2 3 1 0 6 1 1
0 83 3 1 2 3 1 1 6 0 1
0 83 3 1 2 3 0 1 6 1 1
0 82 3 1 2 1 1 5 6 3 0
0 68 3 0 2 3 7 3 6 7 7
0 67 3 7 2 3 7 3 6 7 0
0 69 3 3 2 3 7 7 6 7 0
0 69 3 1 3 7 7 2 6 0 3
0 70 2 1 3 7 7 2 0 6 3
0 64 3 1 3 7 7 2 6 1 0
0 65 3 1 3 7 7 0 2 6 1
0 65 3 1 0 7 7 2 3 6 1
0 55 3 4 1 3 4 0 6 7 2
0 57 3 1 3 0 4 4 6 7 2
0 57 3 1 6 3 4 4 0 7 2
0 61 3 1 4 3 4 6 0 7 2
0 60 3 0 4 3 4 1 6 7 2
0 65 3 1 4 0 4 4 6 7 3
0 65 3 0 4 3 4 4 6 7 1
0 63 3 1 4 3 4 4 6 0 7
0 63 3 1 4 3 0 4 6 7 4
0 66 3 1 4 3 4 6 0 7 4
0 65 3 0 4 3 4 1 6 7 4
0 68 3 1 3 0 4 4 6 7 4
0 68 3 0 1 3 4 4 6 7 4
0 68 3 1 6 3 4 4 0 7 4
0 54 3 4 2 3 4 0 1 7 6
0 57 3 1 2 3 4 4 7 0 6
0 57 3 1 0 3 4 4 2 7 6
0 60 3 1 0 3 4 2 4 7 6
0 58 3 0 2 3 4 1 4 7 6
0 63 3 1 2 0 4 4 4 7 3
0 63 3 0 2 3 4 4 4 7 1
0 61 3 1 2 3 4 4 4 0 7
0 61 3 1 2 3 0 4 4 7 4
0 65 3 1 0 3 4 2 4 7 4
0 63 3 0 2 3 4 1 4 7 4
0 65 3 1 2 3 4 4 7 0 4
0 65 3 1 0 3 4 4 2 7 4
0 53 3 1 2 3 4 7 4 0 6
0 55 3 1 2 3 4 0 7 4 4
0 59 3 1 2 4 3 0 6 7 3
0 60 3 1 2 0 3 3 6 7 4
0 61 2 1 2 3 0 3 6 7 4
0 62 1 1 2 3 4 3 6 7 0
0 64 1 1 2 3 4 0 6 7 3
0 65 2 1 2 0 4 3 6 7 3
0 65 2 0 2 3 4 3 6 7 1
0 63 2 1 2 3 4 3 6 0 7
0 66 2 1 2 3 4 6 0 7 3
0 67 2 1 0 3 4 2 6 7 3
0 65 2 0 2 3 4 1 6 7 3
0 66 2 3 2 3 4 0 6 7 1
0 69 2 3 2 3 4 4 6 7 0
0 71 2 3 2 3 4 0 6 7 4
0 72 2 0 2 3 4 4 6 7 3
0 72 2 0 2 3 4 3 6 7 4
0 73 2 4 2 3 4 0 6 7 3
0 58 3 1 2 4 0 3 6 7 3
0 62 3 1 0 2 4 4 6 7 4
0 63 2 1 2 0 4 4 6 7 4
0 61 3 1 0 4 4 4 6 7 2
0 63 3 4 0 3 4 4 6 7 2
0 62 3 4 4 3 4 0 6 7 2
0 63 3 4 2 3 4 4 0 7 6
0 61 3 4 2 3 4 0 4 7 6
0 59 3 1 2 3 1 6 4 7 0
0 57 3 1 2 3 4 4 0 6 4
0 58 2 1 2 3 4 4 6 0 4
0 59 2 1 2 3 4 4 6 4 0
0 61 2 1 2 3 4 0 6 4 4
0 58 3 1 0 3 4 2 4 6 4
0 59 2 1 3 0 4 2 4 6 4
0 60 2 1 3 4 0 2 4 6 4
0 61 2 1 3 4 4 2 4 6 0
0 55 3 1 2 3 4 4 0 4 6
0 56 3 1 3 6 4 2 4 7 0
0 60 3 7 3 4 0 2 4 6 7
0 62 2 0 3 4 7 2 4 6 7
0 61 2 7 3 4 7 2 4 6 0
0 64 2 7 3 0 7 2 4 6 4
0 62 3 1 4 0 7 3 4 6 2
0 62 3 3 4 0 7 2 4 6 1
0 63 3 2 3 4 7 7 4 6 0
0 65 3 4 3 7 0 2 4 6 4
0 66 2 4 3 0 7 2 4 6 4
0 66 3 1 2 3 7 7 4 6 0
0 67 3 1 3 4 0 7 4 6 1
0 65 3 7 3 4 7 0 4 6 1
0 63 3 1 3 0 7 7 4 4 6
0 63 3 1 3 0 4 7 4 6 7
0 60 3 1 3 7 6 2 4 4 0
0 66 3 1 3 7 4 4 4 6 0
0 69 3 0 3 7 1 2 4 6 1
0 70 3 1 3 7 1 0 4 6 2
0 69 3 1 3 7 1 2 4 0 6
0 72 3 1 2 3 7 0 4 6 1
0 70 3 0 1 3 7 2 4 6 1
0 70 3 1 4 3 7 2 0 6 1
0 70 3 1 3 6 7 2 0 4 1
0 72 3 1 0 3 1 2 4 6 7
0 72 3 1 3 6 1 2 4 0 7
0 72 3 1 3 6 7 0 4 1 2
0 73 3 0 3 6 7 2 4 1 1
0 71 3 1 3 6 0 2 4 1 7
0 74 3 0 3 1 1 2 4 6 7
0 74 3 1 3 7 0 2 4 1 6
0 74 3 1 0 3 7 2 4 1 6
0 77 3 1 3 1 7 4 0 6 2
0 78 3 1 0 1 7 3 4 6 2
0 76 3 0 3 1 7 1 4 6 2
0 78 3 3 0 1 7 2 4 6 1
0 79 3 4 3 1 7 2 0 6 1
0 77 3 2 3 1 7 0 4 6 1
0 75 3 1 3 1 7 2 0 4 6
0 81 3 0 3 1 7 7 4 6 1
0 79 3 1 3 1 7 7 4 0 6
0 79 3 1 3 1 0 7 4 6 7
0 82 3 1 3 1 7 4 0 6 7
0 83 3 1 0 1 7 3 4 6 7
0 81 3 0 3 1 7 1 4 6 7
0 82 3 1 3 7 0 7 4 6 1
0 82 3 1 0 3 7 7 4 6 1
0 82 3 1 3 6 7 7 4 0 1
0 63 3 1 3 0 4 2 4 7 6
0 66 3 1 3 6 7 7 4 4 0
0 67 3 1 3 6 0 2 4 4 1
0 63 3 1 3 0 6 2 4 4 7
0 67 3 1 4 0 7 3 4 6 7
0 66 3 1 3 7 4 7 4 6 0
0 68 3 1 7 3 7 0 4 6 4
0 67 3 1 2 3 4 0 4 6 1
0 65 3 1 3 6 4 2 4 1 0
0 68 3 1 3 4 1 1 4 6 0
0 65 3 1 3 0 1 2 4 4 6
0 68 3 1 3 6 1 2 4 4 0
0 72 3 4 3 1 0 2 4 6 4
0 73 3 1 3 1 4 4 4 6 0
0 70 3 1 3 0 4 2 4 1 6
0 59 3 2 0 3 4 1 6 7 1
0 60 3 6 2 3 4 1 0 7 1
0 61 3 1 2 3 4 6 7 0 1
0 61 3 1 0 3 4 6 2 7 1
0 62 3 1 3 0 4 2 6 7 1
0 62 3 0 1 3 4 2 6 7 1
0 62 3 1 6 3 4 2 0 7 1
0 54 3 1 4 3 1 0 6 7 2
0 59 3 1 2 5 1 1 4 6 0
0 60 3 1 5 0 1 2 4 6 3
0 60 3 0 1 5 1 2 4 6 3
0 60 3 1 4 5 1 2 0 6 3
0 61 3 7 3 2 5 2 4 6 0
0 64 3 3 0 2 7 2 4 6 5
0 65 3 4 3 2 7 2 0 6 5
0 63 3 2 3 2 7 0 4 6 5
0 67 3 0 3 5 7 2 6 2 4
0 66 3 2 7 5 7 7 4 6 0
0 64 3 7 2 5 7 0 4 6 7
0 67 2 7 0 5 7 2 4 6 7
0 68 2 0 7 5 7 2 4 6 7
0 65 3 0 2 5 7 7 4 6 7
0 68 3 0 7 5 3 2 4 6 3
0 67 3 3 7 5 3 2 4 6 0
0 67 3 4 0 5 7 2 7 6 3
0 60 3 6 3 5 7 2 1 4 0
0 67 3 7 7 5 7 7 4 6 0
0 71 3 2 3 5 5 5 4 6 0
0 71 3 5 3 5 1 1 4 6 0
0 69 3 0 3 5 1 5 4 6 2
0 78 3 5 3 5 5 5 4 6 0
0 76 3 0 3 5 5 5 4 6 2
0 65 3 6 3 5 7 2 7 4 0
0 74 3 0 3 5 5 1 4 6 5
0 75 2 1 3 5 5 0 4 6 5
0 78 2 1 3 5 5 5 4 6 0
0 79 2 1 3 5 0 5 4 6 5
0 73 3 5 3 5 5 1 4 6 0
0 68 3 1 3 1 6 2 4 0 1
0 69 3 1 3 1 5 2 4 1 0
0 74 3 1 3 5 1 0 4 1 1
0 73 3 1 3 5 1 1 4 0 1
0 73 3 1 3 5 0 1 4 1 1
0 72 3 1 3 1 1 2 4 5 0
0 72 3 3 7 0 7 2 4 6 7
0 70 3 0 7 3 7 2 4 6 7
0 70 3 7 3 6 7 2 4 7 0
0 73 3 7 3 7 7 7 4 6 0
0 70 3 7 3 0 7 2 4 7 6
0 77 3 0 5 5 7 3 4 6 2
0 80 3 0 2 5 7 3 4 6 5
0 79 3 4 3 5 7 2 6 5 0
0 79 3 0 3 5 7 4 2 6 5
0 79 3 0 4 5 7 2 3 6 5
0 79 3 0 3 5 5 7 4 6 7
0 79 3 3 5 5 7 0 4 6 2
0 79 3 0 3 5 2 5 4 6 2
0 78 3 2 3 5 2 5 4 6 0
0 78 3 4 3 5 7 0 5 6 2
0 82 3 0 5 5 7 3 4 6 7
0 84 3 3 7 5 7 0 4 6 5
0 84 3 0 3 5 5 7 4 6 5
0 83 3 5 3 5 5 7 4 6 0
0 83 3 4 3 5 7 0 7 6 5
0 84 3 3 5 5 7 0 4 6 7
0 86 3 7 3 0 7 5 4 6 5
0 84 3 7 3 5 7 5 4 0 6
0 83 3 4 3 5 7 0 5 6 7
0 84 3 0 7 5 7 3 4 6 5
0 57 3 3 7 5 7 2 0 6 4
0 59 3 0 3 5 4 2 7 6 4
0 58 3 4 3 5 4 2 7 6 0
0 57 3 0 3 5 7 2 6 4 7
0 63 3 1 3 5 1 2 7 0 7
0 63 3 7 3 5 7 2 7 1 0
0 57 3 1 3 5 7 6 2 4 0
0 65 3 7 1 5 7 7 4 6 0
0 65 3 7 0 5 7 1 4 6 3
0 65 3 1 4 5 7 0 7 6 3
0 69 3 1 0 5 7 4 7 6 3
0 73 3 1 0 7 7 7 4 6 5
0 74 3 7 0 5 7 7 4 6 1
0 75 3 1 7 5 0 7 4 6 1
0 73 3 7 7 5 7 0 4 6 1
0 74 3 1 0 5 7 4 7 6 7
0 74 3 7 0 5 7 1 4 6 7
0 76 3 7 1 5 7 0 4 6 7
0 76 3 1 4 5 7 0 7 6 7
0 65 3 1 3 2 6 2 4 0 5
0 73 3 5 3 0 5 2 4 6 2
0 74 2 5 3 5 0 2 4 6 2
0 76 2 0 3 5 5 2 4 6 2
0 75 2 5 3 5 2 2 4 6 0
0 78 2 0 3 5 2 2 4 6 5
0 78 3 1 3 0 2 5 4 6 5
0 78 3 0 3 5 2 5 4 6 1
0 76 3 1 3 5 2 5 4 0 6
0 79 3 1 3 5 2 4 0 6 5
0 80 3 1 0 5 2 3 4 6 5
0 78 3 0 3 5 2 1 4 6 5
0 75 3 1 3 6 0 2 4 1 2
0 79 3 1 3 2 1 0 4 6 1
0 80 3 1 3 0 1 1 4 6 2
0 78 3 1 3 2 0 1 4 6 1
0 75 3 1 3 1 0 2 4 2 6
0 78 3 1 3 6 0 2 4 2 1
0 83 3 0 3 1 2 2 4 6 2
0 82 3 2 3 0 1 2 4 6 2
0 82 3 2 3 1 2 2 4 6 0
0 80 3 1 3 2 0 2 4 1 6
0 73 3 6 3 5 0 2 4 2 6
0 74 3 1 3 5 6 6 4 2 0
0 77 3 0 3 5 1 2 4 2 1
0 76 3 1 3 0 5 2 4 2 1
0 78 3 1 3 5 1 0 4 2 2
0 79 3 1 3 0 1 2 4 2 5
0 78 3 1 3 5 1 2 0 4 2
0 78 3 1 3 0 1 2 4 5 2
0 75 3 0 3 2 5 2 4 6 2
0 69 3 0 3 5 1 5 4 6 7
0 72 3 1 0 3 7 5 4 6 5
0 72 3 1 3 6 7 5 4 0 5
0 73 3 3 0 5 7 5 4 6 1
0 74 3 4 3 5 7 5 0 6 1
0 70 3 1 3 5 7 5 0 4 6
0 70 3 1 3 0 7 5 4 5 6
0 73 3 1 3 5 7 4 6 0 5
0 73 3 1 0 5 7 4 3 6 5
0 74 3 1 5 0 7 3 4 6 5
0 74 3 0 1 5 7 3 4 6 5
0 74 3 1 4 5 7 3 0 6 5
0 73 3 3 0 5 7 1 4 6 5
0 74 3 4 3 5 7 1 0 6 5
0 74 3 5 3 5 7 4 0 6 1
0 75 3 5 0 5 7 3 4 6 1
0 70 3 1 3 7 0 7 4 6 7
0 71 2 1 3 7 7 7 4 6 0
0 73 2 1 3 7 7 0 4 6 7
0 70 3 1 3 6 7 7 4 0 7
0 70 3 1 7 7 7 0 4 6 3
0 68 3 3 1 5 7 0 4 6 1
0 67 3 4 3 5 7 0 1 6 1
0 68 3 1 3 5 7 4 6 1 0
0 70 3 1 4 5 7 0 3 6 1
0 71 3 1 1 5 0 3 4 6 1
0 65 3 1 3 5 7 6 7 4 0
0 70 3 1 7 5 1 1 4 6 0
0 70 3 1 0 5 1 7 4 6 3
0 61 3 1 0 5 4 3 6 7 4
0 61 3 0 1 3 4 4 6 7 5
0 61 3 1 6 3 4 4 0 7 5
0 65 3 1 4 3 4 6 0 7 5
0 64 3 0 4 3 4 1 6 7 5
0 64 3 1 2 3 4 0 7 5 6
0 64 3 0 2 3 4 6 1 7 5
0 64 3 1 2 5 7 7 5 6 0
0 65 3 1 5 0 7 2 5 6 3
0 65 3 0 1 5 7 2 5 6 3
0 66 3 1 5 5 7 2 6 0 3
0 66 3 1 5 5 7 0 2 6 3
0 75 3 5 2 3 0 3 6 7 3
0 83 3 3 2 3 3 0 6 7 3
0 84 3 0 2 3 3 3 6 7 3
0 82 3 3 2 3 0 3 6 7 3
0 75 3 3 2 3 0 1 6 7 1
0 80 3 1 2 3 3 6 0 7 3
0 81 3 1 0 3 3 2 6 7 3
0 84 3 1 2 0 3 3 6 7 3
0 84 3 0 2 3 3 3 6 7 1
0 82 3 1 2 3 3 3 6 0 7
0 84 3 0 2 3 1 3 6 7 3
0 78 3 3 2 3 3 0 6 7 1
0 78 3 1 2 1 5 0 6 7 1
0 75 3 1 2 5 7 5 0 6 1
0 82 3 0 2 5 5 5 6 7 1
0 81 3 5 2 5 1 5 6 7 0
0 75 3 1 2 0 3 5 6 1 5
0 76 2 1 2 3 0 5 6 1 5
0 77 2 1 2 3 5 5 6 1 0
0 78 2 1 2 3 5 5 6 0 1
0 73 3 1 2 5 0 5 6 1 3
0 76 3 1 2 1 3 5 6 0 5
0 76 3 1 2 5 0 5 6 3 1
0 77 3 1 2 0 5 5 6 3 1
0 75 3 1 2 1 5 5 6 0 3
0 69 3 3 2 3 7 0 6 7 7
0 69 3 7 2 3 7 0 6 7 3
0 72 3 0 2 3 7 7 6 7 3
0 70 3 3 2 3 0 7 6 7 7
0 70 3 1 3 7 7 2 6 3 0
0 71 3 1 3 7 7 0 2 6 3
0 71 3 1 0 7 7 2 3 6 3
0 67 3 1 3 0 7 2 6 1 7
0 66 3 1 7 0 7 2 3 6 1
0 58 3 4 1 3 4 4 6 7 0
0 58 3 4 0 3 4 1 6 7 2
0 58 3 1 6 3 4 0 4 7 2
0 62 3 1 0 3 4 6 4 7 2
0 66 3 1 0 4 4 4 6 7 3
0 67 3 4 0 3 4 4 6 7 1
0 68 3 1 4 3 0 4 6 7 1
0 66 3 4 4 3 4 0 6 7 1
0 67 3 1 0 3 4 6 4 7 4
0 67 3 4 0 3 4 1 6 7 4
0 69 3 4 1 3 4 0 6 7 4
0 69 3 1 6 3 4 0 4 7 4
0 56 3 4 2 3 4 1 0 7 6
0 57 3 4 2 3 4 4 1 7 0
0 58 3 1 2 3 4 4 7 6 0
0 60 3 1 4 3 4 0 2 7 6
0 61 3 1 4 3 4 2 0 7 6
0 66 3 1 2 3 0 4 4 7 1
0 66 3 4 2 3 4 4 0 7 1
0 64 3 4 2 3 4 0 4 7 1
0 62 3 1 2 3 4 4 0 4 7
0 66 3 1 3 0 4 2 4 7 4
0 66 3 1 4 3 4 2 0 7 4
0 66 3 4 2 3 4 1 0 7 4
0 68 3 1 4 3 4 0 2 7 4
0 54 3 1 2 3 4 7 4 6 0
0 57 3 1 2 3 4 7 0 4 4
0 63 3 0 2 3 1 3 6 7 4
0 66 3 1 0 2 4 3 6 7 3
0 66 3 1 2 7 4 3 6 0 3
0 67 3 2 0 3 4 3 6 7 1
0 68 3 6 2 3 4 3 0 7 1
0 64 3 1 2 3 4 3 0 6 7
0 64 3 1 2 0 4 3 6 3 7
0 67 3 1 2 3 4 6 7 0 3
0 67 3 1 0 3 4 6 2 7 3
0 68 3 1 3 0 4 2 6 7 3
0 68 3 0 1 3 4 2 6 7 3
0 68 3 1 6 3 4 2 0 7 3
0 67 3 2 0 3 4 1 6 7 3
0 68 3 6 2 3 4 1 0 7 3
0 68 3 3 2 3 4 6 0 7 1
0 69 3 3 0 3 4 2 6 7 1
0 72 3 3 2 0 4 4 6 7 3
0 70 3 3 2 3 4 4 6 0 7
0 70 3 3 2 3 0 4 6 7 4
0 73 3 3 2 3 4 6 0 7 4
0 74 3 3 0 3 4 2 6 7 4
0 74 3 2 0 3 4 4 6 7 3
0 75 3 3 2 3 0 4 6 7 3
0 75 3 6 2 3 4 4 0 7 3
0 74 3 2 0 3 4 3 6 7 4
0 75 3 4 2 3 0 3 6 7 4
0 76 2 4 2 3 4 3 6 7 0
0 75 3 6 2 3 4 3 0 7 4
0 75 3 4 2 3 4 6 0 7 3
0 76 3 4 0 3 4 2 6 7 3
0 64 3 1 2 4 0 4 6 7 4
0 65 2 1 2 4 4 4 6 7 0
0 67 2 1 2 4 4 0 6 7 4
0 64 3 1 2 7 4 4 6 0 4
0 64 3 1 4 4 4 0 6 7 2
0 65 3 4 4 3 4 4 6 7 0
0 64 3 4 2 3 4 4 4 7 0
0 61 3 1 2 3 1 0 4 7 6
0 59 3 1 2 0 4 4 6 3 4
0 62 3 1 2 0 4 4 6 4 3
0 62 3 0 2 3 4 4 6 4 1
0 60 3 1 2 3 0 4 6 4 4
0 63 3 1 2 3 4 6 0 4 4
0 64 3 1 0 3 4 2 6 4 4
0 62 3 0 2 3 4 1 6 4 4
0 60 3 1 3 6 4 2 4 0 4
0 62 3 0 3 4 1 2 4 6 4
0 63 3 1 3 4 4 0 4 6 2
0 64 3 0 3 4 4 2 4 6 1
0 62 3 1 3 4 4 2 4 0 6
0 56 3 1 2 3 4 0 4 4 6
0 57 3 1 3 6 0 2 4 7 4
0 61 3 7 3 0 4 2 4 6 7
0 64 3 3 0 4 7 2 4 6 7
0 65 3 4 3 4 7 2 0 6 7
0 63 3 2 3 4 7 0 4 6 7
0 63 3 7 3 4 7 0 4 6 2
0 62 3 7 3 4 7 2 4 0 6
0 65 3 7 3 7 0 2 4 6 4
0 67 2 0 3 7 7 2 4 6 4
0 65 3 7 0 3 7 2 4 6 4
0 65 3 7 3 6 7 2 4 0 4
0 66 3 2 3 0 7 7 4 6 4
0 66 3 0 3 4 7 7 4 6 2
0 67 3 0 3 7 4 2 4 6 4
0 66 3 4 3 7 4 2 4 6 0
0 67 3 4 0 3 7 2 4 6 4
0 67 3 4 3 6 7 2 4 0 4
0 68 3 1 2 3 7 0 4 6 7
0 71 2 1 0 3 7 2 4 6 7
0 72 1 1 3 0 7 2 4 6 7
0 73 2 1 3 7 0 2 4 6 7
0 74 1 1 3 7 7 2 4 6 0
0 73 2 1 3 6 7 2 4 0 7
0 76 2 1 3 7 7 0 4 6 2
0 77 2 0 3 7 7 2 4 6 1
0 75 2 1 3 7 7 2 4 0 6
0 74 2 1 3 6 7 2 4 7 0
0 76 2 1 3 0 7 2 4 7 6
0 69 3 1 2 0 7 7 4 6 3
0 68 3 1 3 0 4 7 4 6 1
0 68 3 1 3 4 1 7 4 6 0
0 68 3 7 3 4 7 7 4 6 0
0 61 3 1 3 7 6 2 4 0 4
0 68 3 1 3 7 4 0 4 6 4
0 69 3 1 3 0 4 4 4 6 7
0 67 3 1 3 7 0 4 4 6 4
0 68 2 1 3 0 7 4 4 6 4
0 73 3 1 3 7 1 1 4 6 0
0 70 3 1 3 0 1 2 4 7 6
0 73 3 1 1 3 0 2 4 6 1
0 73 3 1 3 6 1 2 4 7 0
0 75 3 1 3 6 7 7 4 1 0
0 72 3 1 3 0 6 2 4 1 7
0 77 3 7 3 1 0 2 4 6 7
0 79 2 0 3 1 7 2 4 6 7
0 78 2 7 3 1 7 2 4 6 0
0 81 2 7 3 0 7 2 4 6 1
0 75 3 1 3 7 6 2 4 1 0
0 79 3 1 1 0 7 3 4 6 2
0 79 3 3 1 0 7 2 4 6 1
0 80 3 2 3 1 7 7 4 6 0
0 84 3 1 3 1 0 7 4 6 1
0 82 3 7 3 1 7 0 4 6 1
0 80 3 1 3 0 7 7 4 1 6
0 80 3 1 3 0 1 7 4 6 7
0 84 3 1 1 0 7 3 4 6 7
0 83 3 1 3 7 1 7 4 6 0
0 85 3 1 7 3 7 0 4 6 1
0 64 3 1 3 4 0 2 4 7 6
0 68 3 1 3 6 7 0 4 4 7
0 68 3 1 3 0 6 2 4 4 1
0 64 3 1 3 4 6 2 4 0 7
0 68 3 1 3 7 4 0 4 6 7
0 69 3 1 2 3 4 4 0 6 1
0 70 2 1 2 3 4 4 6 0 1
0 71 2 1 2 3 4 4 6 1 0
0 73 2 1 2 3 4 0 6 1 4
0 66 3 1 3 6 0 2 4 1 4
0 70 3 1 3 4 1 0 4 6 1
0 71 3 1 3 0 1 1 4 6 4
0 69 3 1 3 4 0 1 4 6 1
0 66 3 1 3 1 0 2 4 4 6
0 74 3 0 3 1 4 2 4 6 4
0 73 3 4 3 0 1 2 4 6 4
0 73 3 4 3 1 4 2 4 6 0
0 75 3 1 3 1 4 0 4 6 4
0 76 3 1 3 0 4 4 4 6 1
0 74 3 1 3 1 0 4 4 6 4
0 71 3 1 3 4 0 2 4 1 6
0 62 3 2 1 3 4 0 6 7 1
0 61 3 6 2 3 4 0 1 7 1
0 62 3 1 2 3 4 6 7 1 0
0 64 3 1 6 3 4 0 2 7 1
0 65 3 1 1 3 0 2 6 7 1
0 57 3 1 4 3 1 1 6 7 0
0 57 3 1 0 3 1 4 6 7 2
0 61 3 1 2 5 1 0 4 6 1
0 64 2 1 0 5 1 2 4 6 1
0 60 3 1 2 5 0 1 4 6 1
0 61 3 1 5 1 0 2 4 6 3
0 63 3 3 1 5 0 2 4 6 3
0 64 3 0 3 2 5 2 4 6 7
0 65 3 3 2 0 7 2 4 6 5
0 66 3 2 3 2 7 7 4 6 0
0 70 3 6 3 5 7 2 0 2 4
0 68 3 2 7 5 7 0 4 6 7
0 69 3 0 7 5 7 7 4 6 2
0 68 3 7 5 0 7 2 4 6 7
0 68 3 7 4 5 7 2 0 6 7
0 71 3 7 7 5 0 2 4 6 7
0 72 2 7 7 5 7 2 4 6 0
0 71 3 4 7 5 7 2 0 6 7
0 67 3 2 0 5 7 7 4 6 7
0 70 3 7 0 5 3 2 4 6 3
0 68 3 0 4 5 7 2 7 6 3
0 63 3 0 3 5 7 2 1 4 6
0 66 2 1 3 5 7 2 0 4 6
0 67 1 1 3 5 7 2 4 0 6
