0 0 10 6 3 4 7 1 2 5 0
0 3 7 0 3 4 7 1 2 5 6
0 4 6 1 3 4 7 0 2 5 6
0 6 5 1 3 4 7 2 0 5 6
0 7 6 1 0 4 7 2 3 5 6
0 8 4 1 4 0 7 2 3 5 6
0 9 3 1 4 5 7 2 3 0 6
0 10 2 1 4 5 7 2 3 6 0
0 11 3 1 4 5 0 2 3 6 7
0 12 4 1 4 0 5 2 3 6 7
0 9 5 1 4 7 0 2 3 5 6
0 10 5 1 4 5 7 2 0 3 6
0 11 4 1 0 5 7 2 4 3 6
0 12 5 1 4 5 7 0 3 6 2
0 13 5 1 4 0 7 2 3 6 5
0 13 5 1 4 6 5 2 3 0 7
0 12 5 1 5 0 7 2 4 3 6
0 13 3 1 5 3 7 2 4 0 6
0 14 2 1 5 3 7 2 4 6 0
0 15 3 1 5 3 0 2 4 6 7
0 14 4 1 5 3 7 2 0 4 6
0 16 4 1 5 0 3 2 4 6 7
0 17 3 1 0 5 3 2 4 6 7
0 18 4 0 1 5 3 2 4 6 7
0 18 4 1 4 5 3 2 0 6 7
0 12 5 0 1 5 7 2 4 3 6
0 15 5 1 0 5 7 4 3 6 2
0 16 4 1 3 5 7 4 0 6 2
0 17 3 1 3 5 7 0 4 6 2
0 18 4 0 3 5 7 1 4 6 2
0 16 5 1 5 3 7 0 4 6 2
0 17 5 1 5 0 7 2 4 6 3
0 18 4 1 0 5 7 2 4 6 3
0 15 5 1 5 3 7 0 2 4 6
0 17 5 1 5 6 3 2 4 0 7
0 21 5 7 1 5 0 2 4 6 7
0 23 2 0 1 5 7 2 4 6 7
0 25 1 1 0 5 7 2 4 6 7
0 26 2 1 5 0 7 2 4 6 7
0 26 2 1 4 5 7 2 0 6 7
0 24 3 2 1 5 7 0 4 6 7
0 27 3 1 5 7 0 2 4 6 7
0 28 2 1 5 7 7 2 4 6 0
0 27 3 1 5 6 7 2 4 0 7
0 27 3 1 4 5 7 2 6 0 7
0 27 3 1 4 5 7 0 2 6 7
0 27 3 2 0 5 7 1 4 6 7
0 29 3 1 5 7 7 2 4 0 6
0 30 3 1 0 5 7 4 2 6 7
0 22 4 7 1 5 7 2 4 6 0
0 28 4 1 2 5 7 0 4 6 7
0 26 4 2 1 5 7 4 0 6 7
0 28 4 1 5 6 7 2 0 4 7
0 28 4 1 4 0 7 2 6 5 7
0 28 4 0 4 5 7 1 2 6 7
0 28 4 2 5 0 7 1 4 6 7
0 28 4 2 4 5 7 1 0 6 7
0 30 4 1 5 7 7 2 0 4 6
0 31 4 1 5 0 7 4 2 6 7
0 31 4 0 1 5 7 4 2 6 7
0 19 5 2 1 5 3 0 4 6 7
0 19 5 1 4 5 3 2 6 0 7
0 19 5 1 4 5 3 0 2 6 7
0 17 5 1 3 5 7 4 6 0 2
0 18 4 1 3 5 7 4 6 2 0
0 20 5 1 3 5 7 7 4 6 0
0 22 1 1 3 5 7 0 4 6 7
0 24 2 1 3 5 7 4 0 6 7
0 23 2 0 3 5 7 1 4 6 7
0 25 3 1 3 5 7 4 6 0 7
0 25 3 1 0 5 7 4 3 6 7
0 25 3 3 0 5 7 1 4 6 7
0 28 3 1 4 5 7 0 3 6 7
0 28 3 3 1 5 7 0 4 6 7
0 25 4 1 0 5 7 3 4 6 7
0 26 4 1 3 0 7 4 6 5 7
0 26 4 1 5 0 7 4 3 6 7
0 26 4 0 1 5 7 4 3 6 7
0 26 4 3 5 0 7 1 4 6 7
0 26 4 3 4 5 7 1 0 6 7
0 29 4 0 4 5 7 1 3 6 7
0 30 4 3 1 5 7 4 0 6 7
0 20 5 3 0 5 7 1 4 6 2
0 21 5 2 3 5 0 1 4 6 2
0 19 5 0 1 5 7 2 4 6 3
0 19 5 1 4 5 7 2 0 6 3
0 26 5 4 1 5 7 2 0 6 7
0 30 5 1 5 7 7 0 4 6 2
0 28 5 1 5 6 7 2 4 7 0
0 28 5 1 4 5 7 2 6 7 0
0 28 5 0 2 5 7 1 4 6 7
0 30 5 1 5 0 7 2 4 7 6
0 31 4 1 0 5 7 2 4 7 6
0 31 5 1 2 5 7 4 0 6 7
0 23 5 7 1 5 7 2 4 0 6
0 27 5 2 1 5 7 4 6 0 7
0 29 5 1 5 6 7 0 2 4 7
0 29 5 1 4 7 0 2 6 5 7
0 30 4 1 4 7 7 2 6 5 0
0 29 5 2 5 7 0 1 4 6 7
0 30 4 2 5 7 7 1 4 6 0
0 29 5 2 5 6 7 1 4 0 7
0 29 5 2 4 5 7 1 6 0 7
0 31 5 1 5 7 7 0 2 4 6
0 32 5 1 5 7 0 4 2 6 7
0 33 4 1 5 7 7 4 2 6 0
0 32 5 1 5 6 7 4 2 0 7
0 22 5 2 0 5 3 1 4 6 7
0 22 5 1 0 5 3 4 2 6 7
0 20 5 1 3 5 7 0 6 2 4
0 19 5 1 3 5 0 4 6 2 7
0 26 5 7 3 5 0 1 4 6 7
0 27 4 7 3 5 7 1 4 6 0
0 26 5 4 3 5 7 1 0 6 7
0 26 5 1 3 5 7 4 6 7 0
0 30 5 1 4 5 7 3 0 6 7
0 29 5 0 1 5 7 3 4 6 7
0 26 5 1 5 0 7 3 4 6 7
0 27 5 1 3 7 0 4 6 5 7
0 28 4 1 3 7 7 4 6 5 0
0 27 5 1 0 3 7 4 6 5 7
0 27 5 1 5 7 0 4 3 6 7
0 28 4 1 5 7 7 4 3 6 0
0 27 5 1 5 6 7 4 3 0 7
0 27 5 3 5 7 0 1 4 6 7
0 28 4 3 5 7 7 1 4 6 0
0 27 5 3 5 6 7 1 4 0 7
0 27 5 3 4 5 7 1 6 0 7
0 31 5 3 1 5 7 4 6 0 7
0 23 5 3 1 5 7 0 4 6 2
0 32 5 0 1 5 7 2 4 7 6
0 32 5 1 4 5 7 2 0 7 6
0 31 5 2 5 7 7 1 4 0 6
0 35 5 1 5 7 7 0 2 6 4
0 37 4 1 5 7 7 2 0 6 4
0 34 5 1 5 7 7 4 2 0 6
0 28 5 7 3 5 7 1 4 0 6
0 30 5 1 3 7 7 0 6 5 4
0 30 5 1 4 3 7 0 6 5 7
0 30 5 1 5 7 7 0 3 6 4
0 29 5 1 5 7 7 4 3 0 6
0 29 5 3 5 7 7 1 4 0 6
0 38 5 1 5 7 7 2 6 0 4
0 39 4 1 5 7 7 2 6 4 0
0 42 4 1 5 0 7 2 6 4 7
0 43 3 1 0 5 7 2 6 4 7
0 44 4 0 1 5 7 2 6 4 7
0 40 5 1 5 7 0 2 6 4 7
0 44 5 1 6 5 7 2 0 4 7
0 45 4 1 6 5 7 2 4 0 7
0 45 5 2 1 5 7 0 6 4 7
0 46 5 1 6 0 7 2 4 5 7
0 47 3 1 0 6 7 2 4 5 7
0 48 4 0 1 6 7 2 4 5 7
0 48 4 1 4 6 7 2 0 5 7
0 48 5 2 0 5 7 1 6 4 7
0 49 5 2 1 6 7 0 4 5 7
0 49 5 1 4 6 7 0 2 5 7
0 52 5 2 0 6 7 1 4 5 7
0 52 5 1 0 6 7 4 2 5 7
0 13 6 0 4 5 1 2 3 6 7
0 13 6 1 0 4 5 2 3 6 7
0 14 5 1 3 4 5 2 0 6 7
0 11 6 1 4 5 7 0 2 3 6
0 13 6 0 4 5 7 1 3 6 2
0 14 6 1 4 7 0 2 3 6 5
0 15 4 1 4 7 5 2 3 6 0
0 16 5 1 4 7 5 2 3 0 6
0 14 6 1 4 6 7 2 3 0 5
0 15 4 1 4 6 7 2 3 5 0
0 16 5 1 4 6 0 2 3 5 7
0 13 6 1 5 7 0 2 4 3 6
0 17 6 0 5 3 1 2 4 6 7
0 15 6 1 0 3 7 2 5 4 6
0 16 5 1 3 0 7 2 5 4 6
0 20 6 1 2 5 3 0 4 6 7
0 13 6 2 1 5 7 0 4 3 6
0 16 6 1 5 0 7 4 3 6 2
0 16 6 0 1 5 7 4 3 6 2
0 20 6 1 0 5 7 3 4 6 2
0 18 6 1 5 3 7 4 0 6 2
0 17 6 0 5 3 7 1 4 6 2
0 18 6 1 5 7 0 2 4 6 3
0 19 4 1 5 7 3 2 4 6 0
0 20 5 1 5 7 3 2 4 0 6
0 18 6 1 5 6 7 2 4 0 3
0 19 5 1 5 6 7 2 4 3 0
0 16 6 0 5 3 7 1 2 4 6
0 18 6 1 5 6 3 2 0 4 7
0 22 6 7 1 0 5 2 4 6 7
0 29 6 0 5 7 1 2 4 6 7
0 27 6 2 0 5 7 4 1 6 7
0 29 6 1 0 6 7 2 5 4 7
0 29 6 1 0 4 7 2 6 5 7
0 30 6 4 0 5 7 1 2 6 7
0 29 6 2 4 5 7 0 1 6 7
0 30 5 0 4 5 7 2 1 6 7
0 31 6 1 0 7 7 2 5 4 6
0 32 6 4 1 5 7 0 2 6 7
0 21 6 2 1 5 3 4 0 6 7
0 20 6 1 4 0 3 2 6 5 7
0 21 5 1 4 3 0 2 6 5 7
0 22 4 1 4 3 7 2 6 5 0
0 20 6 0 4 5 3 1 2 6 7
0 18 6 1 3 0 7 4 6 5 2
0 21 6 1 3 5 7 7 4 0 6
0 21 6 1 3 5 0 7 4 6 7
0 27 6 4 1 5 7 0 3 6 7
0 27 6 3 4 5 7 0 1 6 7
0 31 6 4 0 5 7 1 3 6 7
0 31 6 3 0 5 7 4 1 6 7
0 32 5 0 3 5 7 4 1 6 7
0 21 6 3 5 0 7 1 4 6 2
0 21 6 3 4 5 7 1 0 6 2
0 22 6 2 3 0 5 1 4 6 2
0 22 6 3 1 5 0 2 4 6 3
0 23 4 3 1 5 3 2 4 6 0
0 24 5 3 1 5 3 2 4 0 6
0 20 6 2 1 5 7 0 4 6 3
0 20 6 1 4 5 7 2 6 0 3
0 21 5 1 4 5 7 2 6 3 0
0 20 6 1 4 5 7 0 2 6 3
0 27 6 4 1 5 7 2 6 0 7
0 32 6 1 5 7 7 4 0 6 2
0 31 6 0 5 7 7 1 4 6 2
0 29 6 1 5 6 0 2 4 7 7
0 29 6 1 4 5 0 2 6 7 7
0 31 6 1 5 7 0 2 4 7 6
0 32 6 1 2 5 7 4 6 0 7
0 24 6 7 1 5 7 2 0 4 6
0 24 6 7 1 0 7 2 4 5 6
0 28 6 2 1 0 7 4 6 5 7
0 30 6 0 5 6 7 1 2 4 7
0 31 6 1 4 7 7 2 6 0 5
0 32 5 1 4 7 7 2 0 6 5
0 33 4 1 0 7 7 2 4 6 5
0 34 5 1 7 0 7 2 4 6 5
0 34 5 0 1 7 7 2 4 6 5
0 30 6 2 5 6 7 1 0 4 7
0 30 6 2 4 0 7 1 6 5 7
0 32 6 0 5 7 7 1 2 4 6
0 33 6 1 5 6 7 4 0 2 7
0 34 5 1 5 6 7 0 4 2 7
0 23 6 2 5 0 3 1 4 6 7
0 24 5 2 5 3 0 1 4 6 7
0 25 4 2 5 3 7 1 4 6 0
0 26 5 2 5 3 7 1 4 0 6
0 23 6 2 4 5 3 1 0 6 7
0 23 6 1 5 0 3 4 2 6 7
0 24 5 1 5 3 0 4 2 6 7
0 25 4 1 5 3 7 4 2 6 0
0 27 5 1 5 3 7 0 2 6 4
0 29 4 1 5 3 7 2 0 6 4
0 26 5 1 5 3 7 4 2 0 6
0 30 5 1 5 3 7 2 6 0 4
0 31 4 1 5 3 7 2 6 4 0
0 32 5 1 5 3 0 2 6 4 7
0 23 6 0 1 5 3 4 2 6 7
0 22 6 1 3 5 7 6 0 2 4
0 23 5 1 3 5 7 6 2 0 4
0 24 4 1 3 5 7 6 2 4 0
0 26 3 1 3 5 7 0 2 4 6
0 28 2 1 3 5 7 2 0 4 6
0 29 1 1 3 5 7 2 4 0 6
