0 0 3 1 0 3 6 5 2 7 4
0 1 2 1 2 3 6 5 0 7 4
0 2 3 1 2 3 6 5 7 0 4
0 2 3 1 2 3 6 0 5 7 4
0 3 3 1 2 3 6 5 7 4 0
0 4 3 1 2 3 6 4 5 7 0
0 5 3 1 2 3 0 6 5 7 4
0 6 2 1 2 3 4 6 5 7 0
0 8 2 1 2 3 4 0 5 7 6
0 9 1 1 2 3 4 5 0 7 6
0 10 2 1 2 3 4 5 7 0 6
0 10 2 1 0 3 4 5 2 7 6
0 11 2 1 2 3 4 5 7 6 0
0 4 3 1 2 3 0 5 7 4 6
0 5 3 1 2 3 0 4 5 7 6
0 9 3 1 2 0 4 6 5 7 3
0 9 3 0 2 3 4 6 5 7 1
0 7 3 1 2 3 4 6 5 0 7
0 11 3 1 0 3 4 2 5 7 6
0 9 3 0 2 3 4 1 5 7 6
0 11 3 1 2 0 4 5 7 3 6
0 11 3 1 3 0 4 5 2 7 6
0 11 3 0 1 3 4 5 2 7 6
0 13 3 1 2 3 4 0 7 6 5
0 14 3 1 2 0 4 5 7 6 3
0 14 3 0 2 3 4 5 7 6 1
0 12 3 1 2 3 0 5 7 6 4
0 12 3 5 2 3 4 6 0 7 1
0 13 2 5 2 3 4 0 6 7 1
0 14 1 0 2 3 4 5 6 7 1
