0 0 6 1 0 3 6 5 2 7 4
0 1 5 1 2 3 6 5 0 7 4
0 2 6 1 2 3 6 5 7 0 4
0 2 6 1 2 3 6 0 5 7 4
0 5 6 1 2 3 6 6 5 7 0
0 6 4 1 2 3 0 6 5 7 6
0 7 5 1 2 0 3 6 5 7 6
0 8 6 1 0 2 3 6 5 7 6
0 8 6 1 2 7 3 6 5 0 6
0 9 5 1 2 7 3 6 5 6 0
0 12 5 1 2 0 3 6 5 6 7
0 13 4 1 2 3 0 6 5 6 7
0 11 6 1 6 2 3 0 5 7 6
0 13 5 1 6 2 3 5 0 7 6
0 14 4 1 0 2 3 5 6 7 6
0 15 3 1 2 0 3 5 6 7 6
0 16 2 1 2 3 0 5 6 7 6
0 16 4 1 2 7 3 5 6 0 6
0 17 3 1 2 7 3 5 6 6 0
0 20 3 1 2 0 3 5 6 6 7
0 21 2 1 2 3 0 5 6 6 7
0 17 4 1 2 3 6 5 6 7 0
0 21 4 1 0 2 3 5 6 6 7
0 22 4 1 2 3 7 5 6 6 0
0 15 5 0 1 2 3 5 6 7 6
0 18 5 0 2 3 1 5 6 7 6
0 17 5 1 2 7 3 5 0 6 6
0 18 5 1 2 7 0 5 6 6 3
0 21 5 1 2 6 3 5 6 0 7
0 22 4 1 2 6 3 5 6 7 0
0 23 5 0 2 3 1 5 6 6 7
0 18 5 1 2 3 6 5 6 0 7
0 22 5 0 1 2 3 5 6 6 7
0 22 5 1 6 2 3 5 0 6 7
0 23 4 1 6 2 3 5 6 0 7
0 24 3 1 6 2 3 5 6 7 0
0 23 5 1 2 3 7 5 6 0 6
0 21 5 6 2 3 0 5 6 7 6
0 25 5 1 6 2 0 5 6 7 3
0 11 6 1 2 7 3 0 5 6 6
0 13 6 1 0 2 3 6 5 6 7
0 14 6 1 2 3 7 6 5 6 0
0 14 6 1 6 2 3 5 7 0 6
0 15 5 1 6 2 3 5 7 6 0
0 19 6 1 2 7 3 0 6 6 5
0 16 6 5 1 2 3 0 6 7 6
0 20 6 2 0 3 1 5 6 7 6
0 19 6 5 2 3 1 0 6 7 6
0 22 5 5 2 3 1 1 6 7 0
0 18 6 1 0 7 3 5 2 6 6
0 22 6 1 2 6 3 5 0 6 7
0 23 6 1 2 6 0 5 6 7 3
0 25 6 2 0 3 1 5 6 6 7
0 26 6 7 2 3 0 5 6 6 7
0 28 5 0 2 3 7 5 6 6 7
0 24 6 5 2 3 1 0 6 6 7
0 19 6 1 2 3 6 5 0 6 7
0 19 6 1 2 0 6 5 6 3 7
0 20 5 1 2 6 0 5 6 3 7
0 23 6 5 1 2 3 0 6 6 7
0 23 6 1 6 2 3 0 5 6 7
0 24 6 1 6 0 3 5 6 2 7
0 25 5 1 6 3 0 5 6 2 7
0 26 6 1 6 2 3 0 6 7 5
0 27 6 1 6 0 3 5 6 7 2
0 28 5 1 6 3 0 5 6 7 2
0 29 3 1 6 3 2 5 6 7 0
0 30 4 1 6 3 2 5 6 0 7
0 31 5 1 6 3 2 5 0 6 7
0 32 4 1 0 3 2 5 6 6 7
0 31 5 1 6 0 2 5 6 3 7
0 32 4 1 6 2 0 5 6 3 7
0 33 5 1 3 0 2 5 6 6 7
0 34 4 1 3 2 0 5 6 6 7
0 33 5 0 1 3 2 5 6 6 7
0 24 6 1 2 3 7 5 0 6 6
0 24 6 1 2 0 7 5 6 3 6
0 25 4 1 2 7 0 5 6 3 6
0 23 6 0 2 3 6 5 6 7 6
0 22 6 6 2 0 3 5 6 7 6
0 26 6 1 6 0 2 5 6 7 3
0 19 6 5 0 2 3 1 6 7 6
0 20 5 5 2 0 3 1 6 7 6
0 21 4 5 2 3 0 1 6 7 6
0 23 6 5 2 3 1 1 6 0 7
0 21 6 1 5 7 3 0 2 6 6
0 23 5 1 5 7 3 2 0 6 6
0 30 6 2 0 3 7 5 6 6 7
0 33 5 2 5 3 7 0 6 6 7
0 34 4 0 5 3 7 2 6 6 7
0 36 5 5 0 3 7 2 6 6 7
0 37 4 5 3 0 7 2 6 6 7
0 38 5 5 3 7 0 2 6 6 7
0 40 4 0 3 7 5 2 6 6 7
0 39 4 5 3 7 7 2 6 6 0
0 38 5 5 3 6 7 2 6 0 7
0 39 4 5 3 6 7 2 0 6 7
0 42 5 3 0 7 5 2 6 6 7
0 41 5 2 3 7 5 0 6 6 7
0 42 5 0 3 7 7 2 6 6 5
0 40 5 5 3 7 7 2 6 0 6
0 41 4 5 3 7 7 2 0 6 6
0 40 5 5 3 6 7 0 2 6 7
0 40 5 5 0 6 7 2 3 6 7
0 41 4 0 5 6 7 2 3 6 7
0 44 4 3 5 6 7 2 0 6 7
0 42 5 5 3 7 7 0 2 6 6
0 42 5 5 0 7 7 2 3 6 6
0 43 4 0 5 7 7 2 3 6 6
0 46 4 3 5 7 7 2 0 6 6
0 42 5 2 5 6 7 0 3 6 7
0 45 5 3 5 6 7 2 6 0 7
0 46 4 3 5 0 7 2 6 6 7
0 47 3 3 0 5 7 2 6 6 7
0 48 2 0 3 5 7 2 6 6 7
0 49 3 2 3 5 7 0 6 6 7
0 51 4 2 3 5 7 6 0 6 7
0 45 5 3 5 6 7 0 2 6 7
0 44 5 2 5 7 7 0 3 6 6
0 47 5 3 5 7 7 2 6 0 6
0 48 4 3 5 7 7 2 6 6 0
0 47 5 3 5 7 7 0 2 6 6
0 47 5 3 5 7 0 2 6 6 7
0 48 5 3 6 5 7 2 0 6 7
0 51 5 7 3 5 0 2 6 6 7
0 52 4 7 3 5 7 2 6 6 0
0 51 5 6 3 5 7 2 0 6 7
0 52 5 2 3 5 7 6 6 0 7
0 52 5 2 0 5 7 6 3 6 7
0 53 5 7 3 5 7 2 6 0 6
0 54 4 7 3 5 7 2 0 6 6
0 55 5 7 3 5 7 0 2 6 6
0 55 5 7 0 5 7 2 3 6 6
0 56 4 0 7 5 7 2 3 6 6
0 59 4 3 7 5 7 2 0 6 6
0 57 5 2 7 5 7 0 3 6 6
0 60 5 3 7 5 7 2 6 0 6
0 61 4 3 7 5 7 2 6 6 0
0 60 5 3 7 5 7 0 2 6 6
0 62 5 3 7 5 0 2 6 6 7
0 29 6 5 2 3 7 0 6 6 7
0 27 6 5 2 3 1 1 6 6 0
0 26 6 5 0 2 3 1 6 6 7
0 27 5 5 2 0 3 1 6 6 7
0 28 4 5 2 3 0 1 6 6 7
0 29 6 1 0 2 3 6 6 7 5
0 30 5 1 2 0 3 6 6 7 5
0 31 4 1 2 3 0 6 6 7 5
0 31 6 1 6 3 2 0 6 7 5
0 32 6 1 6 3 2 0 5 6 7
0 33 6 1 6 2 7 5 6 3 0
0 35 6 1 3 2 7 5 6 6 0
0 34 6 5 1 3 2 0 6 6 7
0 26 6 1 2 7 6 5 6 3 0
0 21 6 5 2 7 3 1 6 0 6
0 22 5 5 2 7 3 1 6 6 0
0 22 6 5 2 3 6 1 6 7 0
0 24 6 1 5 7 3 2 6 0 6
0 25 5 1 5 7 3 2 6 6 0
0 28 5 1 5 0 3 2 6 6 7
0 29 4 1 5 3 0 2 6 6 7
0 30 3 1 5 3 7 2 6 6 0
0 29 4 1 0 5 3 2 6 6 7
0 31 4 1 5 3 7 2 6 0 6
0 32 3 1 5 3 7 2 0 6 6
0 33 4 1 5 3 7 0 2 6 6
0 30 5 0 1 5 3 2 6 6 7
0 33 5 1 0 3 7 2 5 6 6
0 34 4 1 3 0 7 2 5 6 6
0 34 5 0 5 3 7 1 2 6 6
0 35 5 1 3 7 0 2 5 6 6
0 35 5 1 3 6 7 2 5 0 6
0 36 3 1 3 6 7 2 0 5 6
0 36 4 1 3 6 7 2 5 6 0
0 37 4 1 3 6 7 0 2 5 6
0 37 4 1 0 6 7 2 3 5 6
0 37 5 2 5 3 7 1 0 6 6
0 37 5 1 3 6 0 2 5 6 7
0 38 5 0 3 6 7 1 2 5 6
0 38 5 0 1 6 7 2 3 5 6
0 41 5 2 3 6 7 1 0 5 6
0 41 5 3 1 6 7 2 0 5 6
0 35 6 2 5 3 7 6 0 6 7
0 43 6 7 3 7 0 2 6 6 7
0 45 3 0 3 7 7 2 6 6 7
0 47 4 3 0 7 7 2 6 6 7
0 46 4 2 3 7 7 0 6 6 7
0 44 5 7 3 0 7 2 6 6 7
0 44 5 7 3 7 7 2 6 6 0
0 48 5 3 7 0 7 2 6 6 7
0 48 5 2 3 7 7 6 0 6 7
0 43 6 3 7 0 5 2 6 6 7
0 43 6 2 3 7 5 6 0 6 7
0 44 6 3 0 7 7 2 6 6 5
0 43 6 2 3 7 7 0 6 6 5
0 45 6 3 0 6 7 2 5 6 7
0 46 5 0 3 6 7 2 5 6 7
0 43 6 5 7 0 7 2 3 6 6
0 47 6 3 0 7 7 2 5 6 6
0 48 5 0 3 7 7 2 5 6 6
0 50 6 3 2 5 7 0 6 6 7
0 52 6 2 0 5 7 3 6 6 7
0 49 6 0 5 7 3 2 6 6 7
0 49 6 3 6 5 7 2 6 0 7
0 49 6 3 6 5 7 0 2 6 7
0 52 5 3 0 5 7 6 2 6 7
0 53 4 0 3 5 7 6 2 6 7
0 52 6 7 3 0 5 2 6 6 7
0 52 6 6 3 5 7 2 6 0 7
0 52 6 6 3 5 7 0 2 6 7
0 52 6 6 0 5 7 2 3 6 7
0 53 5 0 6 5 7 2 3 6 7
0 53 6 2 3 0 7 6 6 5 7
0 55 6 2 6 5 7 0 3 6 7
0 53 6 2 5 0 7 6 3 6 7
0 54 6 7 3 0 7 2 6 5 6
0 56 6 7 5 0 7 2 3 6 6
0 60 6 3 0 5 7 2 7 6 6
0 61 5 0 3 5 7 2 7 6 6
0 61 6 3 7 0 7 2 6 5 6
0 62 5 3 0 7 7 2 6 5 6
0 63 4 0 3 7 7 2 6 5 6
0 64 5 2 3 7 7 0 6 5 6
0 64 6 0 7 5 3 2 6 6 7
0 29 6 5 2 3 7 1 6 6 0
0 31 6 1 2 7 3 6 6 0 5
0 32 5 1 2 7 3 6 6 5 0
0 35 5 1 2 0 3 6 6 5 7
0 36 4 1 2 3 0 6 6 5 7
0 32 6 1 2 3 5 6 6 7 0
0 34 6 1 6 3 2 2 6 7 0
0 34 6 1 0 3 2 6 6 7 5
0 35 6 1 0 3 2 6 5 6 7
0 37 6 5 0 3 2 1 6 6 7
0 29 6 1 5 6 3 2 6 0 7
0 30 5 1 5 6 3 2 0 6 7
0 32 6 1 5 3 7 0 6 6 2
0 33 6 1 5 0 7 2 6 6 3
0 34 5 1 0 5 7 2 6 6 3
0 30 6 1 6 5 3 2 0 6 7
0 32 6 1 5 0 7 2 6 3 6
0 33 5 1 0 5 7 2 6 3 6
0 33 6 7 1 5 0 2 6 6 7
0 35 3 0 1 5 7 2 6 6 7
0 37 2 1 0 5 7 2 6 6 7
0 38 3 1 5 0 7 2 6 6 7
0 36 4 2 1 5 7 0 6 6 7
0 38 4 1 6 5 7 2 0 6 7
0 39 4 1 5 7 0 2 6 6 7
0 40 3 1 5 7 7 2 6 6 0
0 39 4 1 5 6 7 2 6 0 7
0 40 3 1 5 6 7 2 0 6 7
0 39 4 2 0 5 7 1 6 6 7
0 41 4 1 5 7 7 2 6 0 6
0 42 3 1 5 7 7 2 0 6 6
0 41 4 1 5 6 7 0 2 6 7
0 43 4 1 5 7 7 0 2 6 6
0 34 5 7 1 5 7 2 6 6 0
0 40 5 1 2 5 7 0 6 6 7
0 38 5 2 1 5 7 6 0 6 7
0 39 5 1 6 5 7 2 6 0 7
0 39 5 1 6 5 7 0 2 6 7
0 42 4 1 0 5 7 6 2 6 7
0 41 5 1 0 6 7 2 5 6 7
0 40 5 2 5 0 7 1 6 6 7
0 43 5 1 0 7 7 2 5 6 6
0 42 5 0 5 6 7 1 2 6 7
0 44 5 0 5 7 7 1 2 6 6
0 43 5 1 5 0 7 6 2 6 7
0 43 5 0 1 5 7 6 2 6 7
0 45 5 2 5 6 7 1 0 6 7
0 47 5 2 5 7 7 1 0 6 6
0 31 6 2 1 5 3 0 6 6 7
0 34 6 0 1 3 7 2 5 6 6
0 37 5 5 1 3 7 2 0 6 6
0 36 6 5 0 3 7 1 2 6 6
0 37 5 5 3 0 7 1 2 6 6
0 38 6 1 6 0 7 2 3 5 6
0 39 5 1 6 5 7 2 3 0 6
0 40 4 1 6 5 7 2 3 6 0
0 41 5 1 6 5 0 2 3 6 7
0 38 6 2 5 3 7 1 6 0 6
0 39 5 2 5 3 7 1 6 6 0
0 40 6 3 0 6 7 1 2 5 6
0 39 6 2 1 6 7 0 3 5 6
0 42 6 2 0 6 7 1 3 5 6
0 42 6 3 1 6 7 0 2 5 6
0 48 6 6 3 7 7 2 0 6 7
0 48 6 3 6 7 7 2 0 6 7
0 45 6 7 0 3 7 2 6 6 7
0 46 5 0 7 3 7 2 6 6 7
0 45 6 7 3 6 7 2 6 0 7
0 46 5 7 3 6 7 2 0 6 7
0 45 6 7 3 7 7 2 6 0 6
0 46 5 7 3 7 7 2 0 6 6
0 49 6 3 7 7 0 2 6 6 7
0 50 5 3 7 7 7 2 6 6 0
0 49 6 3 7 6 7 2 6 0 7
0 50 5 3 7 6 7 2 0 6 7
0 49 6 2 3 7 7 6 6 0 7
0 49 6 2 0 7 7 6 3 6 7
0 47 6 2 3 6 7 0 5 6 7
0 49 6 2 3 7 7 0 5 6 6
0 53 6 3 5 0 7 6 2 6 7
0 62 6 2 3 5 7 0 7 6 6
0 66 6 2 3 7 7 6 0 5 6
0 34 6 1 2 7 3 0 6 5 6
0 36 6 1 0 2 3 6 6 5 7
0 37 6 1 2 3 7 6 6 5 0
0 31 6 1 5 6 3 0 2 6 7
0 35 6 0 1 5 7 2 6 6 3
0 34 6 0 1 5 7 2 6 3 6
0 38 6 6 1 5 7 2 0 6 7
0 42 6 1 5 7 7 0 6 6 2
0 40 6 1 5 6 7 2 6 7 0
0 40 6 0 2 5 7 1 6 6 7
0 40 6 2 6 5 7 1 0 6 7
0 42 6 1 5 0 7 2 6 7 6
0 43 5 1 0 5 7 2 6 7 6
0 35 6 7 1 5 7 2 6 0 6
0 36 5 7 1 5 7 2 0 6 6
0 42 6 1 2 5 7 6 0 6 7
0 39 6 2 1 5 7 6 6 0 7
0 40 6 1 6 0 7 2 6 5 7
0 41 4 1 0 6 7 2 6 5 7
0 42 5 0 1 6 7 2 6 5 7
0 40 6 0 6 5 7 1 2 6 7
0 42 6 0 1 6 7 2 5 6 7
0 45 5 5 1 6 7 2 0 6 7
0 41 6 2 5 7 0 1 6 6 7
0 42 5 2 5 7 7 1 6 6 0
0 41 6 2 5 6 7 1 6 0 7
0 44 6 1 7 0 7 2 5 6 6
0 44 6 0 1 7 7 2 5 6 6
0 47 5 5 1 7 7 2 0 6 6
0 44 6 5 0 6 7 1 2 6 7
0 46 6 5 0 7 7 1 2 6 6
0 44 6 1 5 7 0 6 2 6 7
0 45 5 1 5 7 7 6 2 6 0
0 44 6 1 5 6 7 6 2 0 7
0 48 6 2 5 7 7 1 6 0 6
0 34 6 2 0 5 3 1 6 6 7
0 38 6 5 1 3 7 2 6 0 6
0 39 5 5 1 3 7 2 6 6 0
0 38 6 5 1 3 7 0 2 6 6
0 38 6 5 3 7 0 1 2 6 6
0 40 5 0 3 7 5 1 2 6 6
0 41 4 1 3 7 5 0 2 6 6
0 43 3 1 3 7 5 2 0 6 6
0 44 4 1 3 7 5 2 6 0 6
0 45 3 1 3 7 5 2 6 6 0
0 48 3 1 3 0 5 2 6 6 7
0 49 2 1 3 5 0 2 6 6 7
0 50 1 1 3 5 7 2 6 6 0
0 51 2 1 3 5 7 2 6 0 6
0 52 1 1 3 5 7 2 0 6 6
0 53 2 1 3 5 7 0 2 6 6
0 53 2 1 0 5 7 2 3 6 6
0 52 3 1 3 0 7 2 6 5 6
0 54 3 0 3 5 7 1 2 6 6
0 54 3 1 5 0 7 2 3 6 6
0 54 3 0 1 5 7 2 3 6 6
0 57 3 2 3 5 7 1 0 6 6
0 57 3 3 1 5 7 2 0 6 6
0 44 4 1 0 7 5 2 3 6 6
0 49 4 1 0 3 5 2 6 6 7
0 49 4 1 3 6 5 2 6 0 7
0 50 3 1 3 6 5 2 0 6 7
0 52 4 1 3 5 7 0 6 6 2
0 53 4 1 3 0 7 2 6 6 5
0 53 4 1 3 7 0 2 6 5 6
0 53 4 1 0 3 7 2 6 5 6
0 56 4 3 0 5 7 1 2 6 6
0 55 4 1 5 7 0 2 3 6 6
0 55 4 1 5 6 7 2 3 0 6
0 56 3 1 5 6 7 2 3 6 0
0 55 4 2 1 5 7 0 3 6 6
0 58 4 2 3 5 7 1 6 0 6
0 59 3 2 3 5 7 1 6 6 0
0 58 4 2 0 5 7 1 3 6 6
0 58 4 3 1 5 7 2 6 0 6
0 59 3 3 1 5 7 2 6 6 0
0 58 4 3 1 5 7 0 2 6 6
0 51 4 1 3 6 5 0 2 6 7
0 51 4 1 0 6 5 2 3 6 7
0 57 4 1 5 6 0 2 3 6 7
0 60 4 2 3 5 0 1 6 6 7
0 60 4 3 1 5 0 2 6 6 7
0 43 5 2 3 7 5 1 0 6 6
0 46 5 1 3 7 0 2 6 6 5
0 51 5 0 3 5 1 2 6 6 7
0 56 5 1 0 5 7 3 2 6 6
0 56 5 1 2 5 7 0 3 6 6
0 58 5 2 3 5 7 0 1 6 6
0 59 4 0 3 5 7 2 1 6 6
0 58 5 3 0 5 7 2 1 6 6
0 45 5 1 7 0 5 2 3 6 6
0 46 4 1 7 5 0 2 3 6 6
0 45 5 0 1 7 5 2 3 6 6
0 50 5 0 1 3 5 2 6 6 7
0 54 5 1 3 5 7 6 0 6 2
0 53 5 0 3 5 7 1 6 6 2
0 54 5 1 0 3 7 2 6 6 5
0 54 5 1 3 6 7 2 6 0 5
0 55 3 1 3 6 7 2 6 5 0
0 55 4 1 3 6 7 2 0 6 5
0 56 4 1 3 6 0 2 6 5 7
0 54 5 0 1 3 7 2 6 5 6
0 57 5 3 5 0 7 1 2 6 6
0 59 5 2 3 0 7 1 6 5 6
0 59 5 2 5 0 7 1 3 6 6
0 59 5 3 1 0 7 2 6 5 6
0 52 5 0 3 6 5 1 2 6 7
0 52 5 0 1 6 5 2 3 6 7
0 61 5 2 3 0 5 1 6 6 7
0 61 5 3 1 0 5 2 6 6 7
0 48 5 3 1 7 5 2 0 6 6
0 56 5 1 3 6 7 0 2 6 5
0 56 5 1 0 6 7 2 3 6 5
0 55 5 2 3 6 5 1 0 6 7
0 55 5 3 1 6 5 2 0 6 7
0 38 6 5 3 6 7 1 2 0 6
0 39 5 5 3 6 7 1 2 6 0
0 42 6 1 6 0 5 2 3 6 7
0 40 6 2 5 3 0 1 6 6 7
0 47 6 2 7 3 7 0 6 6 7
0 47 6 7 3 6 7 0 2 6 7
0 47 6 7 0 6 7 2 3 6 7
0 48 5 0 7 6 7 2 3 6 7
0 47 6 7 3 7 7 0 2 6 6
0 47 6 7 0 7 7 2 3 6 6
0 48 5 0 7 7 7 2 3 6 6
0 51 5 3 7 7 7 2 0 6 6
0 51 6 3 7 7 7 2 6 0 6
0 51 6 3 7 6 7 0 2 6 7
0 37 6 1 0 7 3 2 6 5 6
0 39 6 1 6 2 3 0 6 5 7
0 44 6 0 1 5 7 2 6 7 6
0 37 6 7 1 5 7 0 2 6 6
0 42 6 1 6 6 7 2 0 5 7
0 43 6 2 1 6 7 0 6 5 7
0 46 6 5 1 6 7 2 6 0 7
0 47 5 5 1 0 7 2 6 6 7
0 46 6 5 1 6 7 0 2 6 7
0 48 6 5 1 7 7 2 6 0 6
0 49 5 5 1 7 7 2 6 6 0
0 48 6 5 1 7 7 0 2 6 6
0 46 6 1 5 7 7 6 2 0 6
0 42 6 0 1 3 7 2 6 6 5
0 40 6 5 1 3 0 2 6 6 7
0 42 6 3 0 7 5 1 2 6 6
0 45 6 1 3 0 5 2 6 7 6
0 46 5 1 3 5 0 2 6 7 6
0 47 6 1 3 7 5 0 6 6 2
0 53 6 0 3 5 7 2 6 6 1
0 56 6 1 3 5 7 7 2 6 0
0 58 2 1 3 5 7 0 2 6 7
0 60 1 1 3 5 7 2 0 6 7
0 61 2 1 3 5 7 2 6 0 7
0 61 2 1 0 5 7 2 3 6 7
0 59 3 0 3 5 7 1 2 6 7
0 62 3 1 3 0 7 2 6 5 7
0 62 3 1 5 0 7 2 3 6 7
0 62 3 0 1 5 7 2 3 6 7
0 62 3 2 3 5 7 1 0 6 7
0 65 3 3 1 5 7 2 0 6 7
0 62 4 1 3 5 7 2 6 7 0
0 61 4 3 0 5 7 1 2 6 7
0 63 4 1 3 7 0 2 6 5 7
0 64 3 1 3 7 7 2 6 5 0
0 63 4 1 0 3 7 2 6 5 7
0 63 4 1 5 7 0 2 3 6 7
0 64 3 1 5 7 7 2 3 6 0
0 63 4 1 5 6 7 2 3 0 7
0 63 4 2 1 5 7 0 3 6 7
0 63 4 2 3 5 7 1 6 0 7
0 63 4 2 0 5 7 1 3 6 7
0 66 4 3 1 5 7 2 6 0 7
0 66 4 3 1 5 7 0 2 6 7
0 65 4 1 5 7 7 2 3 0 6
0 61 5 1 0 5 7 3 2 6 7
0 64 5 1 2 5 7 0 3 6 7
0 63 5 2 3 5 7 0 1 6 7
0 64 4 0 3 5 7 2 1 6 7
0 66 5 3 0 5 7 2 1 6 7
0 63 5 1 3 5 0 2 6 7 7
0 62 5 3 5 0 7 1 2 6 7
0 65 5 1 3 7 7 2 6 0 5
0 66 4 1 3 7 7 2 0 6 5
0 64 5 0 1 3 7 2 6 5 7
0 64 5 2 3 0 7 1 6 5 7
0 64 5 2 5 0 7 1 3 6 7
0 67 5 3 1 0 7 2 6 5 7
0 67 5 1 3 7 7 0 2 6 5
0 67 5 1 0 7 7 2 3 6 5
0 50 6 1 6 3 5 2 0 6 7
0 50 6 1 3 6 5 2 6 7 0
0 55 6 1 3 5 7 7 6 6 0
0 57 2 1 3 5 7 0 6 6 7
0 59 3 1 3 5 7 6 0 6 7
0 58 3 0 3 5 7 1 6 6 7
0 60 4 1 3 5 7 6 6 0 7
0 60 4 1 0 5 7 6 3 6 7
0 60 4 3 0 5 7 1 6 6 7
0 63 4 3 1 5 7 0 6 6 7
0 60 5 1 0 5 7 3 6 6 7
0 61 5 1 3 0 7 6 6 5 7
0 63 5 1 6 5 7 0 3 6 7
0 61 5 1 5 0 7 6 3 6 7
0 61 5 0 1 5 7 6 3 6 7
0 61 5 3 5 0 7 1 6 6 7
0 65 5 3 1 5 7 6 0 6 7
0 54 6 1 3 7 6 2 6 5 0
0 54 6 1 6 3 7 2 0 5 6
0 57 6 3 2 5 7 1 0 6 6
0 56 6 1 5 7 6 2 3 6 0
0 56 6 1 5 6 7 2 0 3 6
0 58 6 1 5 6 7 0 3 6 2
0 57 6 2 1 5 7 3 0 6 6
0 62 6 2 3 0 7 1 6 6 5
0 59 6 0 2 5 7 1 3 6 6
0 61 6 3 1 5 7 0 6 6 2
0 62 6 3 1 0 7 2 6 6 5
0 59 6 0 1 5 7 3 2 6 6
0 58 6 1 5 0 6 2 3 6 7
0 59 5 1 0 5 6 2 3 6 7
0 60 4 1 3 5 6 2 0 6 7
0 61 5 1 3 5 6 2 6 0 7
0 61 5 1 3 5 6 0 2 6 7
0 44 6 2 3 7 5 1 6 0 6
0 45 5 2 3 7 5 1 6 6 0
0 44 6 2 0 7 5 1 3 6 6
0 53 6 3 0 5 1 2 6 6 7
0 52 6 2 3 5 1 0 6 6 7
0 57 6 1 5 0 7 3 2 6 6
0 59 6 3 5 0 7 2 1 6 6
0 46 6 1 7 6 5 2 3 0 6
0 47 5 1 7 6 5 2 3 6 0
0 47 6 1 7 5 6 2 3 6 0
0 46 6 2 1 7 5 0 3 6 6
0 51 6 2 1 3 5 0 6 6 7
0 55 6 1 3 5 7 6 6 0 2
0 56 5 1 3 5 7 6 6 2 0
0 58 4 1 3 5 7 0 6 2 6
0 60 5 1 3 5 7 6 0 2 6
0 61 4 1 3 5 7 6 2 0 6
0 62 3 1 3 5 7 6 2 6 0
0 63 4 1 3 5 0 6 2 6 7
0 59 5 0 3 5 7 1 6 2 6
0 62 5 1 3 0 7 6 2 5 6
0 64 5 1 3 0 5 6 2 6 7
0 55 6 1 0 5 7 6 3 6 2
0 55 6 3 0 5 7 1 6 6 2
0 56 6 2 3 5 0 1 6 6 2
0 57 6 1 3 6 7 0 6 5 2
0 57 6 1 3 0 6 2 6 5 7
0 55 6 2 1 3 7 0 6 5 6
0 58 6 3 5 7 0 1 2 6 6
0 58 6 3 5 6 7 1 2 0 6
0 59 5 3 5 6 7 1 2 6 0
0 60 6 2 3 7 0 1 6 5 6
0 60 6 2 0 3 7 1 6 5 6
0 60 6 2 5 7 0 1 3 6 6
0 60 6 2 5 6 7 1 3 0 6
0 61 5 2 5 6 7 1 3 6 0
0 60 6 3 1 7 0 2 6 5 6
0 60 6 3 0 1 7 2 6 5 6
0 61 5 0 3 1 7 2 6 5 6
0 54 6 3 0 6 5 1 2 6 7
0 53 6 2 1 6 5 0 3 6 7
0 62 6 2 0 3 5 1 6 6 7
0 62 6 2 3 6 5 1 6 0 7
0 62 6 3 0 1 5 2 6 6 7
0 63 5 0 3 1 5 2 6 6 7
0 62 6 3 1 6 5 2 6 0 7
0 49 6 3 1 7 5 2 6 0 6
0 50 5 3 1 7 5 2 6 6 0
0 49 6 3 1 7 5 0 2 6 6
0 57 6 0 3 6 7 1 2 6 5
0 57 6 0 1 6 7 2 3 6 5
0 56 6 2 0 6 5 1 3 6 7
0 56 6 3 1 6 5 0 2 6 7
0 40 6 5 3 6 0 1 2 6 7
0 49 6 2 7 6 7 0 3 6 7
0 49 6 2 7 7 7 0 3 6 6
0 52 6 3 7 7 7 0 2 6 6
0 40 6 7 0 5 7 1 2 6 6
0 41 5 0 7 5 7 1 2 6 6
0 42 4 1 7 5 7 0 2 6 6
0 44 3 1 7 5 7 2 0 6 6
0 45 4 1 7 5 7 2 6 0 6
0 46 3 1 7 5 7 2 6 6 0
0 47 4 1 7 5 0 2 6 6 7
0 44 5 2 7 5 7 1 0 6 6
0 45 5 1 0 5 7 2 7 6 6
0 46 5 1 7 0 7 2 6 5 6
0 47 4 1 0 7 7 2 6 5 6
0 48 5 1 7 0 5 2 6 6 7
0 49 4 1 0 7 5 2 6 6 7
0 48 5 0 1 7 7 2 6 5 6
0 50 5 0 1 7 5 2 6 6 7
0 46 6 2 0 6 7 1 6 5 7
0 48 6 5 1 7 0 2 6 6 7
0 48 6 5 0 1 7 2 6 6 7
0 49 5 0 5 1 7 2 6 6 7
0 52 6 0 1 7 7 2 6 6 5
0 54 5 1 0 7 7 2 6 6 5
0 56 6 1 3 5 0 2 6 6 1
0 57 4 1 3 5 1 2 6 6 0
0 58 5 1 3 5 1 2 6 0 6
0 59 4 1 3 5 1 2 0 6 6
0 60 5 1 3 5 1 0 2 6 6
0 60 5 1 0 5 1 2 3 6 6
0 63 5 1 3 5 1 1 2 6 0
0 62 6 7 3 5 0 1 2 6 7
0 63 5 7 3 5 7 1 2 6 0
0 65 6 7 1 5 0 2 3 6 7
0 66 5 7 1 5 7 2 3 6 0
0 62 6 3 2 5 7 1 0 6 7
0 66 6 1 3 7 7 0 6 5 2
0 66 6 1 2 3 7 0 6 5 7
0 64 6 1 6 3 7 2 0 5 7
0 66 6 1 5 7 7 0 3 6 2
0 64 6 1 5 6 7 2 3 7 0
0 64 6 1 5 6 7 2 0 3 7
0 65 6 2 1 5 7 3 0 6 7
0 64 6 2 3 5 7 1 6 7 0
0 64 6 0 2 5 7 1 3 6 7
0 67 6 3 1 5 7 2 6 7 0
0 67 6 0 1 5 7 3 2 6 7
0 66 6 1 5 7 7 2 0 3 6
0 66 6 1 5 0 7 2 3 7 6
0 67 5 1 0 5 7 2 3 7 6
0 68 4 1 3 5 7 2 0 7 6
0 69 5 1 3 5 7 2 7 0 6
0 70 4 1 3 5 7 2 7 6 0
0 69 5 1 3 5 7 0 2 7 6
0 71 5 1 3 5 0 2 7 6 7
0 62 6 1 5 0 7 3 2 6 7
0 67 6 3 5 0 7 2 1 6 7
0 64 6 1 3 0 5 2 6 7 7
0 65 4 1 3 7 5 2 6 0 7
0 66 3 1 3 7 5 2 0 6 7
0 67 4 1 3 7 5 0 2 6 7
0 67 4 1 0 7 5 2 3 6 7
0 68 5 0 3 7 5 1 2 6 7
0 68 5 1 7 0 5 2 3 6 7
0 69 4 1 7 5 0 2 3 6 7
0 70 3 1 7 5 7 2 3 6 0
0 71 4 1 7 5 7 2 3 0 6
0 68 5 0 1 7 5 2 3 6 7
0 71 5 2 3 7 5 1 0 6 7
0 72 5 1 7 0 7 2 3 5 6
0 73 4 1 0 7 7 2 3 5 6
0 74 3 1 3 7 7 2 0 5 6
0 75 4 1 3 7 7 0 2 5 6
0 71 5 3 1 7 5 2 0 6 7
0 74 5 0 1 7 7 2 3 5 6
0 75 5 1 3 7 7 2 5 0 6
0 76 4 1 3 7 7 2 5 6 0
0 79 4 1 3 0 7 2 5 6 7
0 76 5 0 3 7 7 1 2 5 6
0 77 5 3 1 7 7 2 0 5 6
0 77 5 1 3 7 0 2 5 6 7
0 80 5 1 0 3 7 2 5 6 7
0 81 3 1 5 3 7 2 0 6 7
0 82 4 1 5 3 7 2 6 0 7
0 82 4 1 5 3 7 0 2 6 7
0 80 5 1 3 6 7 2 5 0 7
0 81 3 1 3 6 7 2 0 5 7
0 82 4 1 3 6 7 0 2 5 7
0 82 4 1 0 6 7 2 3 5 7
0 79 5 2 3 7 7 1 0 5 6
0 83 5 0 5 3 7 1 2 6 7
0 83 5 0 3 6 7 1 2 5 7
0 83 5 0 1 6 7 2 3 5 7
0 86 5 2 5 3 7 1 0 6 7
0 86 5 2 3 6 7 1 0 5 7
0 86 5 3 1 6 7 2 0 5 7
0 63 6 3 5 7 0 1 2 6 7
0 64 5 3 5 7 7 1 2 6 0
0 63 6 3 5 6 7 1 2 0 7
0 65 6 2 1 3 7 0 6 5 7
0 65 6 2 3 7 0 1 6 5 7
0 66 5 2 3 7 7 1 6 5 0
0 65 6 2 0 3 7 1 6 5 7
0 65 6 2 5 7 0 1 3 6 7
0 66 5 2 5 7 7 1 3 6 0
0 65 6 2 5 6 7 1 3 0 7
0 68 6 3 1 7 0 2 6 5 7
0 69 5 3 1 7 7 2 6 5 0
0 68 6 3 0 1 7 2 6 5 7
0 69 5 0 3 1 7 2 6 5 7
0 68 6 0 3 7 7 1 2 6 5
0 68 6 1 7 0 7 2 3 6 5
0 68 6 0 1 7 7 2 3 6 5
0 61 6 7 3 5 0 1 6 6 7
0 62 5 7 3 5 7 1 6 6 0
0 61 6 6 3 5 7 1 0 6 7
0 61 6 1 3 5 7 6 6 7 0
0 63 5 1 3 5 7 0 6 7 6
0 61 6 3 6 5 7 1 0 6 7
0 64 6 0 1 5 7 3 6 6 7
0 61 6 1 5 0 7 3 6 6 7
0 62 6 1 3 7 0 6 6 5 7
0 63 5 1 3 7 7 6 6 5 0
0 65 4 1 3 7 7 0 6 5 6
0 67 5 1 3 7 7 6 0 5 6
0 66 5 0 3 7 7 1 6 5 6
0 62 6 1 0 3 7 6 6 5 7
0 64 6 0 6 5 7 1 3 6 7
0 62 6 1 5 7 0 6 3 6 7
0 63 5 1 5 7 7 6 3 6 0
0 65 4 1 5 7 7 0 3 6 6
0 66 5 0 5 7 7 1 3 6 6
0 69 5 3 5 7 7 1 0 6 6
0 62 6 1 5 6 7 6 3 0 7
0 62 6 3 5 7 0 1 6 6 7
0 63 5 3 5 7 7 1 6 6 0
0 62 6 3 5 6 7 1 6 0 7
0 63 5 3 5 6 7 1 0 6 7
0 66 6 3 1 5 7 6 6 0 7
0 60 6 0 1 5 6 2 3 6 7
0 64 6 1 3 5 6 6 2 6 0
0 65 4 1 3 5 0 6 2 6 6
0 66 5 1 3 5 6 0 2 6 6
0 68 4 1 3 5 6 2 0 6 6
0 66 5 1 3 0 5 6 2 6 6
0 69 5 1 3 5 6 2 6 0 6
0 70 4 1 3 5 6 2 6 6 0
0 71 2 1 3 5 0 2 6 6 6
0 72 3 1 3 0 5 2 6 6 6
0 73 4 1 0 3 5 2 6 6 6
0 73 4 1 3 6 5 2 6 0 6
0 74 3 1 3 6 5 2 6 6 0
0 74 3 1 3 6 5 2 0 6 6
0 75 4 1 3 6 5 0 2 6 6
0 75 4 1 0 6 5 2 3 6 6
0 69 5 1 0 5 6 2 3 6 6
0 73 5 0 3 5 1 2 6 6 6
0 74 5 0 1 3 5 2 6 6 6
0 75 5 1 3 6 0 2 6 6 5
0 76 5 0 3 6 5 1 2 6 6
0 76 5 0 1 6 5 2 3 6 6
0 79 5 2 3 6 5 1 0 6 6
0 79 5 3 1 6 5 2 0 6 6
0 62 6 0 3 5 6 1 2 6 7
0 55 6 2 3 5 1 1 6 6 0
0 57 6 1 3 5 0 6 6 2 7
0 61 6 1 0 5 7 6 3 2 6
0 65 6 1 3 0 7 6 2 6 5
0 61 6 3 0 5 7 1 6 2 6
0 63 6 1 3 7 0 6 2 5 6
0 63 6 1 0 3 7 6 2 5 6
0 65 6 1 0 3 5 6 2 6 7
0 65 6 1 3 6 5 6 2 0 7
0 60 6 3 5 6 0 1 2 6 7
0 62 6 2 5 6 0 1 3 6 7
0 62 6 2 3 1 7 0 6 5 6
0 64 6 2 3 1 5 0 6 6 7
0 60 6 2 3 6 7 1 0 6 5
0 60 6 3 1 6 7 2 0 6 5
0 48 6 1 7 5 7 0 6 6 2
0 49 6 1 7 0 7 2 6 6 5
0 45 6 2 7 5 7 1 6 0 6
0 46 5 2 7 5 7 1 6 6 0
0 46 6 1 5 0 7 2 7 6 6
0 46 6 0 1 5 7 2 7 6 6
0 47 6 1 7 7 0 2 6 5 6
0 48 6 1 6 7 7 2 0 5 6
0 49 6 1 7 6 5 2 6 0 7
0 50 5 1 7 6 5 2 0 6 7
0 50 6 1 6 7 5 2 0 6 7
0 49 6 2 1 7 7 0 6 5 6
0 51 6 2 1 7 5 0 6 6 7
0 50 6 2 5 1 7 0 6 6 7
0 59 6 1 3 0 1 2 6 5 6
0 60 5 1 3 1 0 2 6 5 6
0 61 6 0 3 5 1 1 2 6 6
0 61 6 1 5 0 1 2 3 6 6
0 62 5 1 5 1 0 2 3 6 6
0 61 6 0 1 5 1 2 3 6 6
0 64 6 1 3 5 1 1 2 0 6
0 64 6 7 3 5 7 1 2 0 6
0 67 6 7 1 5 7 2 3 0 6
0 68 6 0 1 5 7 2 3 7 6
0 70 6 1 3 0 7 2 7 5 6
0 70 6 0 3 5 7 1 2 7 6
0 72 6 1 3 0 5 2 7 6 7
0 66 6 1 3 7 5 2 6 7 0
0 70 6 3 0 7 5 1 2 6 7
0 69 6 1 7 6 5 2 3 0 7
0 72 6 1 7 5 7 0 3 6 2
0 72 6 1 7 5 7 2 0 3 6
0 69 6 2 1 7 5 0 3 6 7
0 72 6 2 3 7 5 1 6 0 7
0 72 6 2 0 7 5 1 3 6 7
0 73 6 1 7 7 0 2 3 5 6
0 72 6 3 1 7 5 2 6 0 7
0 72 6 3 1 7 5 0 2 6 7
0 75 6 2 1 7 7 0 3 5 6
0 78 6 3 0 7 7 1 2 5 6
0 78 6 3 1 7 7 0 2 5 6
0 83 6 1 2 3 7 0 5 6 7
0 85 5 1 2 3 7 5 0 6 7
0 86 4 1 2 3 7 5 6 0 7
0 87 3 1 2 3 7 5 6 7 0
0 88 1 1 2 3 0 5 6 7 7
0 89 2 1 2 0 3 5 6 7 7
0 90 3 1 0 2 3 5 6 7 7
0 90 3 1 2 7 3 5 6 0 7
0 91 2 1 2 7 3 5 6 7 0
0 90 4 0 2 3 1 5 6 7 7
0 91 4 0 1 2 3 5 6 7 7
0 91 4 1 6 2 3 5 0 7 7
0 91 4 1 2 7 3 5 0 6 7
0 92 4 1 2 7 0 5 6 7 3
0 87 5 1 2 0 7 5 6 3 7
0 88 3 1 2 7 0 5 6 3 7
0 93 5 1 2 7 3 0 6 7 5
0 92 5 2 0 3 1 5 6 7 7
0 93 5 7 2 3 0 5 6 7 7
0 95 4 0 2 3 7 5 6 7 7
0 91 5 5 2 3 1 0 6 7 7
0 92 5 5 1 2 3 0 6 7 7
0 92 5 1 6 2 3 5 7 0 7
0 93 4 1 6 2 3 5 7 7 0
0 92 5 1 6 2 3 0 5 7 7
0 92 5 1 2 7 3 0 5 6 7
0 92 5 1 0 7 3 5 2 6 7
0 89 5 1 2 7 7 5 6 3 0
0 97 5 2 0 3 7 5 6 7 7
0 96 5 5 2 3 7 0 6 7 7
0 95 5 5 0 2 3 1 6 7 7
0 96 4 5 2 0 3 1 6 7 7
0 97 3 5 2 3 0 1 6 7 7
0 95 5 1 0 2 3 6 5 7 7
0 96 4 1 2 0 3 6 5 7 7
0 97 3 1 2 3 0 6 5 7 7
0 97 5 5 2 7 3 1 6 0 7
0 98 4 5 2 7 3 1 6 7 0
0 98 5 5 2 3 7 1 6 7 0
0 97 5 1 2 7 3 6 5 0 7
0 98 4 1 2 7 3 6 5 7 0
0 98 5 1 2 3 7 6 5 7 0
0 100 5 1 2 7 3 0 5 7 6
0 102 4 1 2 7 3 5 0 7 6
0 103 5 1 2 7 3 5 7 0 6
0 104 4 1 2 7 3 5 7 6 0
0 104 4 1 2 0 3 5 7 7 6
0 105 3 1 2 3 0 5 7 7 6
0 107 4 1 2 0 3 5 7 6 7
0 108 3 1 2 3 0 5 7 6 7
0 103 5 1 0 7 3 5 2 7 6
0 105 5 1 0 2 3 5 7 7 6
0 106 5 1 2 3 6 5 7 7 0
0 108 5 1 0 2 3 5 7 6 7
0 109 5 1 2 3 7 5 7 6 0
0 81 6 0 1 3 7 2 5 6 7
0 84 5 5 1 3 7 2 0 6 7
0 83 6 1 5 3 7 2 6 7 0
0 83 6 1 5 0 7 2 6 3 7
0 84 5 1 0 5 7 2 6 3 7
0 85 6 1 0 3 7 5 2 6 7
0 83 6 1 6 0 7 2 3 5 7
0 84 5 1 6 5 7 2 3 0 7
0 80 6 2 0 7 7 1 3 5 6
0 85 6 5 0 3 7 1 2 6 7
0 86 5 5 3 0 7 1 2 6 7
0 85 6 3 0 6 7 1 2 5 7
0 84 6 2 1 6 7 0 3 5 7
0 87 6 2 5 3 7 1 6 0 7
0 87 6 2 0 6 7 1 3 5 7
0 87 6 3 1 6 7 0 2 5 7
0 65 6 3 5 7 7 1 2 0 6
0 67 6 2 5 7 7 1 3 0 6
0 70 6 2 3 1 7 0 6 5 7
0 71 6 2 3 7 7 1 0 6 5
0 71 6 3 1 7 7 2 0 6 5
0 63 6 7 3 5 7 1 6 0 6
0 64 5 7 3 5 7 1 0 6 6
0 65 6 1 3 5 7 6 0 7 6
0 64 6 0 3 5 7 1 6 7 6
0 68 6 1 0 7 7 6 3 5 6
0 68 6 3 0 7 7 1 6 5 6
0 64 6 1 5 7 7 6 3 0 6
0 67 6 1 5 7 7 3 0 6 6
0 68 6 5 0 7 7 1 3 6 6
0 69 5 5 3 7 7 1 0 6 6
0 70 6 3 5 7 7 1 6 0 6
0 63 6 3 1 5 6 2 0 6 7
0 67 6 0 3 5 6 1 2 6 6
0 67 6 1 0 3 5 6 2 6 6
0 67 6 1 3 6 5 6 2 0 6
0 68 5 1 3 6 5 6 2 6 0
0 70 6 1 3 0 6 2 6 5 6
0 71 4 1 3 6 0 2 6 5 6
0 74 6 1 6 3 5 2 0 6 6
0 76 6 1 3 6 5 0 6 6 2
0 76 6 1 6 0 5 2 3 6 6
0 77 5 1 6 5 0 2 3 6 6
0 70 6 1 5 0 6 2 3 6 6
0 71 4 1 5 6 0 2 3 6 6
0 70 6 0 1 5 6 2 3 6 6
0 75 6 3 0 5 1 2 6 6 6
0 76 6 6 3 5 0 2 6 6 6
0 78 5 0 3 5 6 2 6 6 6
0 74 6 2 3 5 1 0 6 6 6
0 75 6 2 1 3 5 0 6 6 6
0 78 6 3 0 6 5 1 2 6 6
0 77 6 2 1 6 5 0 3 6 6
0 80 6 2 3 6 5 1 6 0 6
0 81 5 2 3 6 5 1 6 6 0
0 81 5 2 3 0 5 1 6 6 6
0 82 4 2 3 5 0 1 6 6 6
0 80 6 2 0 6 5 1 3 6 6
0 80 6 3 1 6 5 2 6 0 6
0 81 5 3 1 6 5 2 6 6 0
0 81 5 3 1 0 5 2 6 6 6
0 82 4 3 1 5 0 2 6 6 6
0 84 5 0 1 5 3 2 6 6 6
0 86 4 1 0 5 3 2 6 6 6
0 87 5 1 5 0 3 2 6 6 6
0 88 4 1 5 3 0 2 6 6 6
0 80 6 3 1 6 5 0 2 6 6
0 65 6 2 3 5 6 1 0 6 7
0 64 6 3 1 5 7 0 6 2 6
0 47 6 2 7 5 0 1 6 6 7
0 51 6 1 7 6 5 0 2 6 7
0 52 6 2 0 7 7 1 6 5 6
0 54 6 2 0 7 5 1 6 6 7
0 64 6 2 3 5 1 1 0 6 6
0 64 6 3 1 5 1 2 0 6 6
0 71 6 3 1 5 7 2 0 7 6
0 73 6 2 3 5 7 1 0 7 6
0 89 6 1 2 3 7 0 6 7 5
0 92 5 1 2 3 7 7 6 7 0
0 93 3 1 2 3 0 7 6 7 7
0 94 4 1 2 3 7 0 6 7 7
0 94 4 1 2 0 3 7 6 7 7
0 96 5 1 2 3 7 6 0 7 7
0 95 5 0 2 3 7 1 6 7 7
0 95 5 1 0 2 3 7 6 7 7
0 95 5 1 2 7 3 7 6 0 7
0 96 4 1 2 7 3 7 6 7 0
0 98 3 1 2 7 3 0 6 7 7
0 100 4 1 2 7 3 6 0 7 7
0 99 4 0 2 7 3 1 6 7 7
0 101 5 1 2 7 3 6 7 0 7
0 102 4 1 2 7 3 6 7 7 0
0 102 4 1 2 0 3 6 7 7 7
0 103 3 1 2 3 0 6 7 7 7
0 101 5 1 0 7 3 6 2 7 7
0 101 5 2 0 7 3 1 6 7 7
0 104 5 1 2 7 3 0 7 7 6
0 103 5 1 0 2 3 6 7 7 7
0 104 5 1 2 3 7 6 7 7 0
0 104 5 1 6 7 3 0 2 7 7
0 104 5 2 1 7 3 0 6 7 7
0 106 5 1 6 2 3 0 7 7 7
0 90 6 1 2 0 7 5 6 7 3
0 93 6 1 5 2 3 0 6 7 7
0 88 6 1 0 2 7 5 6 3 7
0 90 6 0 2 7 1 5 6 3 7
0 95 6 1 2 7 3 6 0 7 5
0 96 6 1 2 7 3 3 6 7 0
0 98 5 1 2 7 3 0 6 7 3
0 94 6 0 2 7 3 1 6 7 5
0 93 6 2 3 0 1 5 6 7 7
0 94 5 2 3 1 0 5 6 7 7
0 93 6 2 6 3 1 5 0 7 7
0 94 6 7 2 0 3 5 6 7 7
0 93 6 5 2 3 1 6 0 7 7
0 94 6 5 1 2 3 6 0 7 7
0 94 6 1 6 2 0 5 7 7 3
0 93 6 0 6 2 3 1 5 7 7
0 93 6 0 2 7 3 1 5 6 7
0 95 6 1 5 7 3 0 2 6 7
0 97 5 1 5 7 3 2 0 6 7
0 93 6 0 1 7 3 5 2 6 7
0 98 6 2 3 0 7 5 6 7 7
0 99 4 2 3 7 0 5 6 7 7
0 101 5 0 3 7 2 5 6 7 7
0 98 6 2 6 3 7 5 0 7 7
0 98 6 5 2 3 7 6 0 7 7
0 99 6 5 2 3 7 7 6 7 0
0 100 4 5 2 3 0 7 6 7 7
0 101 5 5 2 0 3 7 6 7 7
0 96 6 5 6 2 3 1 0 7 7
0 96 6 0 1 2 3 6 5 7 7
0 99 6 0 2 3 1 6 5 7 7
0 98 6 5 2 7 3 1 0 6 7
0 99 6 5 2 7 0 1 6 7 3
0 99 6 5 2 3 7 1 6 0 7
0 98 6 1 2 7 3 6 0 5 7
0 99 5 1 2 7 3 0 6 5 7
0 99 6 1 2 7 0 6 5 7 3
0 100 6 1 2 3 7 0 5 7 6
0 102 5 1 2 3 7 5 0 7 6
0 99 6 1 2 3 7 6 5 0 7
0 101 6 0 2 7 3 1 5 7 6
0 105 6 1 2 7 0 5 7 6 3
0 107 6 0 2 3 1 5 7 7 6
0 108 6 1 2 6 3 5 7 0 7
0 109 5 1 2 6 3 5 7 7 0
0 109 5 1 2 6 3 5 0 7 7
0 110 6 0 2 3 1 5 7 6 7
0 104 6 0 1 7 3 5 2 7 6
0 106 6 0 1 2 3 5 7 7 6
0 107 6 1 2 3 6 5 7 0 7
0 108 5 1 2 3 6 5 0 7 7
0 109 6 0 1 2 3 5 7 6 7
0 110 6 1 2 3 7 5 7 0 6
0 85 6 5 1 3 7 2 6 0 7
0 85 6 5 1 3 7 0 2 6 7
0 85 6 0 1 5 7 2 6 3 7
0 86 6 1 3 0 7 5 2 6 7
0 87 5 1 3 7 0 5 2 6 7
0 87 6 5 3 7 0 1 2 6 7
0 88 5 5 3 7 7 1 2 6 0
0 87 6 5 3 6 7 1 2 0 7
0 65 6 7 0 5 7 1 3 6 6
0 66 5 0 7 5 7 1 3 6 6
0 67 4 1 7 5 7 0 3 6 6
0 69 5 3 7 5 7 1 0 6 6
0 71 6 3 1 7 7 0 6 5 6
0 71 6 5 1 7 7 0 3 6 6
0 70 6 5 3 7 7 1 6 0 6
0 71 5 5 3 7 7 1 6 6 0
0 74 5 5 3 0 7 1 6 6 7
0 70 6 2 3 5 6 1 0 6 6
0 72 6 1 3 6 6 2 6 5 0
0 72 6 1 5 6 6 2 3 6 0
0 73 6 3 1 5 6 2 0 6 6
0 80 6 3 0 5 6 2 6 6 6
0 79 6 2 3 5 6 0 6 6 6
0 78 6 2 0 3 5 1 6 6 6
0 83 6 2 3 5 6 1 6 6 0
0 82 6 3 0 1 5 2 6 6 6
0 83 5 0 3 1 5 2 6 6 6
0 83 6 3 1 5 6 2 6 6 0
0 85 6 2 1 5 3 0 6 6 6
0 87 6 1 6 5 3 2 0 6 6
0 88 6 1 5 6 3 2 6 0 6
0 89 5 1 5 6 3 2 6 6 0
0 89 5 1 5 6 3 2 0 6 6
0 89 6 1 5 3 6 2 6 6 0
0 93 6 1 2 3 7 7 6 0 7
0 95 6 0 2 3 1 7 6 7 7
0 97 6 1 0 3 7 2 6 7 7
0 98 5 1 3 0 7 2 6 7 7
0 99 3 1 3 7 7 2 6 0 7
0 100 2 1 3 7 7 2 0 6 7
0 101 3 1 3 7 7 0 2 6 7
0 101 3 1 0 7 7 2 3 6 7
0 102 4 0 3 7 7 1 2 6 7
0 102 4 1 7 0 7 2 3 6 7
0 102 4 0 1 7 7 2 3 6 7
0 105 4 2 3 7 7 1 0 6 7
0 105 4 3 1 7 7 2 0 6 7
0 100 5 1 3 7 7 2 6 7 0
0 104 5 3 0 7 7 1 2 6 7
0 103 5 1 7 7 0 2 3 6 7
0 104 4 1 7 7 7 2 3 6 0
0 103 5 1 7 6 7 2 3 0 7
0 103 5 2 1 7 7 0 3 6 7
0 106 5 2 3 7 7 1 6 0 7
0 106 5 2 0 7 7 1 3 6 7
0 106 5 3 1 7 7 2 6 0 7
0 106 5 3 1 7 7 0 2 6 7
0 105 5 1 7 7 7 2 3 0 6
0 97 6 1 2 3 7 6 7 0 7
0 97 6 1 0 3 7 6 2 7 7
0 97 6 2 0 3 7 1 6 7 7
0 98 6 7 2 3 0 1 6 7 7
0 98 6 1 7 2 3 0 6 7 7
0 96 6 0 1 2 3 7 6 7 7
0 96 6 1 6 2 3 7 0 7 7
0 96 6 1 2 7 3 7 0 6 7
0 97 5 1 2 7 3 0 7 6 7
0 97 6 1 2 7 0 7 6 7 3
0 101 6 1 0 7 3 2 6 7 7
0 103 6 1 2 7 0 6 7 7 3
0 105 6 0 2 3 1 6 7 7 7
0 102 6 0 1 7 3 6 2 7 7
0 102 6 2 6 7 3 1 0 7 7
0 106 6 1 2 7 3 7 0 7 6
0 105 6 0 2 7 3 1 7 7 6
0 104 6 0 1 2 3 6 7 7 7
0 106 6 1 2 3 7 0 7 7 6
0 105 6 0 6 7 3 1 2 7 7
0 106 6 2 1 7 3 6 0 7 7
0 107 6 0 6 2 3 1 7 7 7
0 99 6 1 2 0 3 3 6 7 7
0 100 5 1 2 3 0 3 6 7 7
0 100 6 1 2 7 3 6 0 7 3
0 99 6 0 2 7 3 1 6 7 3
0 97 6 5 2 7 0 1 6 7 5
0 96 6 0 3 1 2 5 6 7 7
0 98 6 1 5 7 3 2 6 0 7
0 96 6 2 1 7 3 5 0 6 7
0 97 5 2 1 7 3 5 6 0 7
0 98 4 2 1 7 3 5 6 7 0
0 98 4 2 1 0 3 5 6 7 7
0 99 3 2 1 3 0 5 6 7 7
0 101 4 0 1 3 2 5 6 7 7
0 103 3 1 0 3 2 5 6 7 7
0 104 4 1 3 0 2 5 6 7 7
0 105 3 1 3 2 0 5 6 7 7
0 104 4 1 6 3 2 5 0 7 7
0 99 5 2 0 1 3 5 6 7 7
0 100 4 0 2 1 3 5 6 7 7
0 100 5 2 1 3 7 5 6 7 0
0 102 5 5 1 3 2 0 6 7 7
0 105 5 1 3 7 2 5 6 0 7
0 106 4 1 3 7 2 5 6 7 0
0 106 5 1 3 2 7 5 6 7 0
0 105 5 1 6 3 2 5 7 0 7
0 106 4 1 6 3 2 5 7 7 0
0 105 5 1 6 3 2 0 5 7 7
0 101 5 5 2 1 3 0 6 7 7
0 105 5 5 0 3 2 1 6 7 7
0 108 5 1 0 3 2 6 5 7 7
0 100 6 2 3 7 7 5 6 7 0
0 103 6 3 0 7 2 5 6 7 7
0 102 6 5 3 7 2 0 6 7 7
0 102 6 5 0 2 3 7 6 7 7
0 102 6 5 2 7 3 7 6 0 7
0 103 5 5 2 7 3 7 6 7 0
0 105 4 5 2 7 3 0 6 7 7
0 106 3 0 2 7 3 5 6 7 7
0 108 4 2 0 7 3 5 6 7 7
0 107 5 5 2 7 3 6 0 7 7
0 109 5 2 6 7 3 5 0 7 7
0 102 6 1 0 7 3 2 6 5 7
0 100 6 0 2 7 3 1 6 5 7
0 103 6 1 2 3 7 7 5 7 0
0 104 4 1 2 3 0 7 5 7 7
0 105 5 1 2 3 7 0 5 7 7
0 107 4 1 2 3 7 5 0 7 7
0 105 5 1 2 0 3 7 5 7 7
0 108 5 1 2 3 7 5 7 0 7
0 109 4 1 2 3 7 5 7 7 0
0 110 2 1 2 3 0 5 7 7 7
0 111 3 1 2 0 3 5 7 7 7
0 112 4 1 0 2 3 5 7 7 7
0 112 4 1 2 7 3 5 7 0 7
0 113 3 1 2 7 3 5 7 7 0
0 113 3 1 2 7 3 5 0 7 7
0 114 4 1 2 7 3 0 5 7 7
0 114 4 1 0 7 3 5 2 7 7
0 108 5 1 0 3 7 5 2 7 7
0 112 5 0 2 3 1 5 7 7 7
0 113 5 0 1 2 3 5 7 7 7
0 114 5 1 2 7 0 5 7 7 3
0 115 5 0 2 7 3 1 5 7 7
0 115 5 0 1 7 3 5 2 7 7
0 118 5 5 2 7 3 1 0 7 7
0 118 5 2 1 7 3 5 0 7 7
0 103 6 1 0 3 7 5 2 7 6
0 104 6 5 2 7 3 1 0 7 6
0 110 6 6 2 3 0 5 7 7 6
0 110 6 1 2 6 3 0 5 7 7
0 110 6 1 0 6 3 5 2 7 7
0 111 4 1 6 0 3 5 2 7 7
0 112 3 1 6 3 0 5 2 7 7
0 112 5 1 6 7 3 5 2 0 7
0 113 4 1 6 7 3 5 2 7 0
0 113 5 1 6 3 7 5 2 7 0
0 107 6 2 1 7 3 5 0 7 6
0 109 6 1 2 3 6 0 5 7 7
0 109 6 1 0 3 6 5 2 7 7
0 88 6 1 3 7 7 5 2 6 0
0 89 6 5 3 7 7 1 2 0 6
0 68 6 7 1 5 7 0 3 6 6
0 69 6 1 7 5 7 3 0 6 6
0 70 6 3 7 5 7 1 6 0 6
0 71 5 3 7 5 7 1 6 6 0
0 74 6 0 3 7 7 1 6 6 5
0 75 5 1 3 7 7 0 6 6 5
0 72 6 5 3 7 0 1 6 6 7
0 74 5 0 3 7 5 1 6 6 7
0 75 4 1 3 7 5 0 6 6 7
0 77 5 1 3 7 5 6 0 6 7
0 75 6 5 0 3 7 1 6 6 7
0 76 5 0 5 3 7 1 6 6 7
0 77 4 1 5 3 7 0 6 6 7
0 79 5 1 5 3 7 6 0 6 7
0 80 5 1 0 3 7 5 6 6 7
0 75 6 5 3 6 7 1 6 0 7
0 76 5 5 3 6 7 1 0 6 7
0 84 6 2 3 1 5 0 6 6 6
0 88 6 2 0 5 3 1 6 6 6
0 90 6 1 5 6 3 0 2 6 6
0 99 6 1 3 7 0 2 6 7 7
0 104 6 1 0 7 7 3 2 6 7
0 104 6 1 2 7 7 0 3 6 7
0 106 6 2 3 7 7 0 1 6 7
0 107 5 0 3 7 7 2 1 6 7
0 106 6 3 0 7 7 2 1 6 7
0 105 6 3 7 0 7 1 2 6 7
0 107 6 2 7 0 7 1 3 6 7
0 100 6 1 6 3 7 0 2 7 7
0 100 6 2 1 3 7 0 6 7 7
0 98 6 0 2 7 3 1 7 6 7
0 109 6 1 2 3 7 7 7 7 0
0 110 4 1 2 3 0 7 7 7 7
0 111 5 1 2 3 7 0 7 7 7
0 111 5 1 2 0 3 7 7 7 7
0 99 6 2 1 7 0 5 6 7 3
0 104 6 7 1 3 0 5 6 7 7
0 106 5 0 1 3 7 5 6 7 7
0 108 4 1 0 3 7 5 6 7 7
0 109 5 1 3 0 7 5 6 7 7
0 110 3 1 3 7 0 5 6 7 7
0 109 5 1 6 3 7 5 0 7 7
0 111 5 1 3 7 7 5 6 7 0
0 106 6 1 5 3 2 0 6 7 7
0 107 6 0 3 2 1 5 6 7 7
0 100 6 2 6 1 3 5 0 7 7
0 101 6 2 1 3 7 5 6 0 7
0 104 6 5 1 3 2 6 0 7 7
0 106 6 1 3 7 2 5 0 6 7
0 107 6 1 3 7 0 5 6 7 2
0 107 6 1 3 2 7 5 6 0 7
0 106 6 1 6 0 2 5 7 3 7
0 107 5 1 6 2 0 5 7 3 7
0 107 6 1 6 3 0 5 7 7 2
0 106 6 0 6 3 2 1 5 7 7
0 103 6 5 2 1 3 6 0 7 7
0 106 6 5 3 0 2 1 6 7 7
0 107 5 5 3 2 0 1 6 7 7
0 106 6 5 6 3 2 1 0 7 7
0 109 6 1 3 0 2 6 5 7 7
0 110 5 1 3 2 0 6 5 7 7
0 109 6 0 1 3 2 6 5 7 7
0 109 6 7 2 7 0 5 6 7 7
0 111 5 0 2 7 7 5 6 7 7
0 109 6 6 2 7 3 5 0 7 7
0 109 6 2 7 0 3 5 6 7 7
0 110 5 2 7 3 0 5 6 7 7
0 108 6 5 2 7 3 6 7 0 7
0 109 5 5 2 7 3 6 7 7 0
0 109 5 5 2 0 3 6 7 7 7
0 110 4 5 2 3 0 6 7 7 7
0 108 6 5 0 7 3 6 2 7 7
0 110 6 2 6 7 3 5 7 0 7
0 111 5 2 6 7 3 5 7 7 0
0 111 5 2 6 0 3 5 7 7 7
0 112 4 2 6 3 0 5 7 7 7
0 114 5 0 6 3 2 5 7 7 7
0 110 6 2 6 7 3 0 5 7 7
0 106 6 0 2 3 7 1 5 7 7
0 106 6 1 0 2 3 7 5 7 7
0 106 6 1 2 7 3 7 5 0 7
0 107 5 1 2 7 3 7 5 7 0
0 109 6 1 2 0 7 5 7 3 7
0 110 4 1 2 7 0 5 7 3 7
0 113 6 1 7 2 3 5 0 7 7
0 115 6 1 2 7 3 0 7 7 5
0 115 6 1 7 0 3 5 2 7 7
0 116 5 1 7 3 0 5 2 7 7
0 109 6 1 3 0 7 5 2 7 7
0 110 4 1 3 7 0 5 2 7 7
0 109 6 0 1 3 7 5 2 7 7
0 114 6 2 0 3 1 5 7 7 7
0 115 6 7 2 3 0 5 7 7 7
0 117 5 0 2 3 7 5 7 7 7
0 113 6 5 2 3 1 0 7 7 7
0 114 6 5 1 2 3 0 7 7 7
0 117 6 2 0 7 3 1 5 7 7
0 116 6 5 1 7 3 0 2 7 7
0 119 6 5 2 7 3 1 7 0 7
0 120 5 5 2 7 3 1 7 7 0
0 120 5 5 2 0 3 1 7 7 7
0 121 4 5 2 3 0 1 7 7 7
0 119 6 5 0 7 3 1 2 7 7
0 119 6 2 1 7 3 5 7 0 7
0 120 5 2 1 7 3 5 7 7 0
0 120 5 2 1 0 3 5 7 7 7
0 121 4 2 1 3 0 5 7 7 7
0 123 5 0 1 3 2 5 7 7 7
0 125 4 1 0 3 2 5 7 7 7
0 126 5 1 3 0 2 5 7 7 7
0 127 4 1 3 2 0 5 7 7 7
0 119 6 2 1 7 3 0 5 7 7
0 114 6 0 6 3 1 5 2 7 7
0 114 6 1 6 7 0 5 2 7 3
0 114 6 1 6 3 7 5 2 0 7
0 72 6 3 7 5 0 1 6 6 7
0 77 6 1 3 7 7 6 0 6 5
0 76 6 3 0 7 5 1 6 6 7
0 78 6 1 3 7 5 6 6 0 7
0 78 6 1 0 7 5 6 3 6 7
0 78 6 5 1 3 7 0 6 6 7
0 80 6 1 5 3 7 6 6 0 7
0 81 6 1 3 0 7 5 6 6 7
0 82 4 1 3 7 0 5 6 6 7
0 81 6 0 1 3 7 5 6 6 7
0 81 6 1 6 3 7 5 0 6 7
0 82 5 1 6 3 7 5 6 0 7
0 83 4 1 6 3 7 5 6 7 0
0 84 2 1 6 3 0 5 6 7 7
0 85 3 1 6 0 3 5 6 7 7
0 86 4 1 6 7 3 5 6 0 7
0 87 3 1 6 7 3 5 6 7 0
0 86 5 0 6 3 1 5 6 7 7
0 86 5 1 0 6 3 5 6 7 7
0 87 5 1 6 7 3 5 0 6 7
0 88 4 1 0 7 3 5 6 6 7
0 88 5 1 6 7 0 5 6 7 3
0 89 5 0 1 7 3 5 6 6 7
0 77 6 5 0 6 7 1 3 6 7
0 78 5 0 5 6 7 1 3 6 7
0 79 4 1 5 6 7 0 3 6 7
0 113 6 1 2 3 7 7 0 7 7
0 112 6 0 2 3 7 1 7 7 7
0 112 6 1 0 2 3 7 7 7 7
0 112 6 1 2 7 3 7 7 0 7
0 113 5 1 2 7 3 7 7 7 0
0 115 4 1 2 7 3 0 7 7 7
0 113 5 1 2 7 3 7 0 7 7
0 116 5 0 2 7 3 1 7 7 7
0 107 6 5 1 3 7 0 6 7 7
0 110 6 1 3 7 7 5 6 0 7
0 112 6 0 3 7 1 5 6 7 7
0 110 6 1 6 3 7 5 7 0 7
0 111 5 1 6 3 7 5 7 7 0
0 112 3 1 6 3 0 5 7 7 7
0 113 4 1 6 0 3 5 7 7 7
0 114 5 1 6 7 3 5 7 0 7
0 115 4 1 6 7 3 5 7 7 0
0 115 4 1 6 7 3 5 0 7 7
0 116 3 1 0 7 3 5 6 7 7
0 117 4 0 1 7 3 5 6 7 7
0 116 5 1 6 7 3 0 5 7 7
0 117 5 1 7 0 3 5 6 7 7
0 118 4 1 7 3 0 5 6 7 7
0 118 5 5 1 7 3 0 6 7 7
0 119 5 1 0 7 3 6 5 7 7
0 121 5 5 0 7 3 1 6 7 7
0 110 6 1 6 3 7 0 5 7 7
0 113 6 2 0 7 7 5 6 7 7
0 112 6 5 2 7 7 0 6 7 7
0 112 6 0 7 3 2 5 6 7 7
0 111 6 5 2 7 3 0 7 7 6
0 112 5 0 2 7 3 5 7 7 6
0 110 6 5 0 2 3 6 7 7 7
0 111 6 5 2 3 7 6 7 7 0
0 111 6 5 6 7 3 0 2 7 7
0 112 5 0 6 7 3 5 2 7 7
0 113 6 2 6 3 7 5 7 7 0
0 115 6 5 6 3 2 0 7 7 7
0 113 6 2 0 7 3 6 5 7 7
0 114 5 0 2 7 3 6 5 7 7
0 109 6 5 2 3 7 1 0 7 7
0 111 6 1 2 7 7 5 7 3 0
0 111 6 1 3 7 7 5 2 7 0
0 112 6 2 1 3 7 5 0 7 7
0 119 6 2 0 3 7 5 7 7 7
0 118 6 5 2 3 7 0 7 7 7
0 116 6 5 2 3 1 1 7 7 0
0 117 6 5 0 2 3 1 7 7 7
0 122 6 5 2 3 7 1 7 7 0
0 121 6 2 0 1 3 5 7 7 7
0 122 5 0 2 1 3 5 7 7 7
0 122 6 2 1 3 7 5 7 7 0
0 124 6 5 1 3 2 0 7 7 7
0 126 6 1 7 3 2 5 0 7 7
0 127 6 1 3 7 2 5 7 0 7
0 128 5 1 3 7 2 5 7 7 0
0 128 5 1 3 7 2 5 0 7 7
0 128 6 1 3 2 7 5 7 7 0
0 79 6 3 1 7 5 0 6 6 7
0 83 6 1 3 7 7 5 6 6 0
0 83 6 1 6 0 7 5 6 3 7
0 84 4 1 6 7 0 5 6 3 7
0 89 6 1 6 7 3 0 6 7 5
0 89 6 7 6 3 0 5 6 7 7
0 91 5 0 6 3 7 5 6 7 7
0 87 6 5 6 3 1 0 6 7 7
0 87 6 0 1 6 3 5 6 7 7
0 87 6 1 6 6 3 5 0 7 7
0 88 6 1 6 7 3 0 5 6 7
0 91 6 1 5 7 3 0 6 6 7
0 89 6 1 7 0 3 5 6 6 7
0 90 5 1 7 3 0 5 6 6 7
0 90 6 5 1 7 3 0 6 6 7
0 80 6 5 1 6 7 0 3 6 7
0 81 6 1 5 6 7 3 0 6 7
0 114 6 1 0 7 3 7 2 7 7
0 118 6 2 0 7 3 1 7 7 7
0 110 6 5 0 3 7 1 6 7 7
0 111 6 1 3 7 7 5 0 6 7
0 112 5 1 3 7 7 0 5 6 7
0 114 6 0 6 3 1 5 7 7 7
0 114 6 1 0 6 3 5 7 7 7
0 116 6 1 6 7 0 5 7 7 3
0 119 6 1 5 7 3 0 6 7 7
0 117 6 0 6 7 3 1 5 7 7
0 118 6 1 7 7 3 5 6 0 7
0 119 5 1 7 7 3 5 6 7 0
0 119 6 1 7 3 7 5 6 7 0
0 120 6 5 1 7 3 6 0 7 7
0 120 6 0 1 7 3 6 5 7 7
0 122 6 5 6 7 3 1 0 7 7
0 113 6 1 0 3 7 6 5 7 7
0 114 6 2 0 7 3 5 7 7 6
0 113 6 5 6 2 3 0 7 7 7
0 114 5 0 6 2 3 5 7 7 7
0 118 6 5 0 3 2 6 7 7 7
0 123 6 5 2 1 3 0 7 7 7
0 127 6 5 0 3 2 1 7 7 7
0 129 6 1 3 7 2 0 5 7 7
0 85 6 1 6 7 7 5 6 3 0
0 92 6 1 0 7 3 6 6 7 5
0 92 6 5 6 3 7 0 6 7 7
0 90 6 5 6 3 1 1 6 7 0
0 90 6 5 0 3 1 6 6 7 7
0 91 6 1 0 7 3 6 5 6 7
0 93 6 5 0 7 3 1 6 6 7
0 121 6 2 1 7 3 0 7 7 7
0 113 6 0 3 7 7 1 5 6 7
0 116 5 5 3 7 7 1 0 6 7
0 95 6 5 0 3 7 6 6 7 7
0 117 6 5 3 7 7 1 6 0 7
0 117 6 5 0 7 7 1 3 6 7
0 118 5 0 5 7 7 1 3 6 7
0 119 4 1 5 7 7 0 3 6 7
0 121 5 3 5 7 7 1 0 6 7
0 120 6 5 1 7 7 0 3 6 7
0 121 6 1 5 7 7 3 0 6 7
0 122 6 3 5 7 7 1 6 0 7
0 1 7 1 3 0 6 5 2 7 4
0 2 6 1 3 6 0 5 2 7 4
0 3 5 1 3 6 4 5 2 7 0
0 6 4 1 3 0 4 5 2 7 6
0 7 3 1 0 3 4 5 2 7 6
0 8 2 1 2 3 4 5 0 7 6
0 9 3 1 2 3 4 5 7 0 6
0 10 2 1 2 3 4 5 7 6 0
0 9 3 1 2 3 4 0 5 7 6
0 11 3 1 2 3 0 5 7 6 4
0 8 4 0 1 3 4 5 2 7 6
0 10 4 1 2 0 4 5 7 3 6
0 10 4 0 2 3 4 1 5 7 6
0 12 4 1 2 0 3 5 7 6 4
0 11 4 2 1 3 4 5 0 7 6
0 13 4 5 2 3 4 1 0 7 6
0 7 5 1 3 4 0 5 2 7 6
0 7 5 1 3 7 4 5 2 0 6
0 8 4 1 3 7 4 5 2 6 0
0 11 4 1 3 0 4 5 2 6 7
0 12 3 1 0 3 4 5 2 6 7
0 13 2 1 2 3 4 5 0 6 7
0 14 1 1 2 3 4 5 6 0 7
